2022-12-03 00:56:06.633842 +0000 > starting log
2022-12-03 00:56:06.634062 +0000 build-fedora42: > starting build with log
2022-12-03 00:56:25.691678 +0000 build-fedora42: copy-in (cmd): /usr/bin/qvm-run-vm disp3188 bash -c 'rm -rf /builder/incoming/template /builder/plugins/template'
2022-12-03 00:56:26.001492 +0000 build-fedora42: copy-in (cmd): /usr/lib/qubes/qrexec-client-vm disp3188 qubesbuilder.FileCopyIn /usr/lib/qubes/qfile-agent /home/user/qubes-builderv2/qubesbuilder/plugins/template
2022-12-03 00:56:26.278353 +0000 build-fedora42: copy-in (cmd): /usr/bin/qvm-run-vm disp3188 bash -c 'mkdir -p /builder/plugins && mv /builder/incoming/template /builder/plugins'
2022-12-03 00:56:26.676227 +0000 build-fedora42: copy-in (cmd): /usr/bin/qvm-run-vm disp3188 bash -c 'rm -rf /builder/incoming/vm-bullseye /builder/repository/vm-bullseye'
2022-12-03 00:56:26.869319 +0000 build-fedora42: copy-in (cmd): /usr/lib/qubes/qrexec-client-vm disp3188 qubesbuilder.FileCopyIn /usr/lib/qubes/qfile-agent /home/user/builder-r4.2-templates-itl/repository/vm-bullseye
2022-12-03 00:56:27.167236 +0000 build-fedora42: copy-in (cmd): /usr/bin/qvm-run-vm disp3188 bash -c 'mkdir -p /builder/repository && mv /builder/incoming/vm-bullseye /builder/repository'
2022-12-03 00:56:27.414736 +0000 build-fedora42: copy-in (cmd): /usr/bin/qvm-run-vm disp3188 bash -c 'rm -rf /builder/incoming/source_rpm /builder/plugins/source_rpm'
2022-12-03 00:56:27.594900 +0000 build-fedora42: copy-in (cmd): /usr/lib/qubes/qrexec-client-vm disp3188 qubesbuilder.FileCopyIn /usr/lib/qubes/qfile-agent /home/user/qubes-builderv2/qubesbuilder/plugins/source_rpm
2022-12-03 00:56:27.832881 +0000 build-fedora42: copy-in (cmd): /usr/bin/qvm-run-vm disp3188 bash -c 'mkdir -p /builder/plugins && mv /builder/incoming/source_rpm /builder/plugins'
2022-12-03 00:56:28.043385 +0000 build-fedora42: copy-in (cmd): /usr/bin/qvm-run-vm disp3188 bash -c 'rm -rf /builder/incoming/source_deb /builder/plugins/source_deb'
2022-12-03 00:56:28.227457 +0000 build-fedora42: copy-in (cmd): /usr/lib/qubes/qrexec-client-vm disp3188 qubesbuilder.FileCopyIn /usr/lib/qubes/qfile-agent /home/user/qubes-builderv2/qubesbuilder/plugins/source_deb
2022-12-03 00:56:28.479779 +0000 build-fedora42: copy-in (cmd): /usr/bin/qvm-run-vm disp3188 bash -c 'mkdir -p /builder/plugins && mv /builder/incoming/source_deb /builder/plugins'
2022-12-03 00:56:28.687706 +0000 build-fedora42: copy-in (cmd): /usr/bin/qvm-run-vm disp3188 bash -c 'rm -rf /builder/incoming/template_debian /builder/plugins/template_debian'
2022-12-03 00:56:28.871210 +0000 build-fedora42: copy-in (cmd): /usr/lib/qubes/qrexec-client-vm disp3188 qubesbuilder.FileCopyIn /usr/lib/qubes/qfile-agent /home/user/qubes-builderv2/qubesbuilder/plugins/template_debian
2022-12-03 00:56:29.072619 +0000 build-fedora42: copy-in (cmd): /usr/bin/qvm-run-vm disp3188 bash -c 'mkdir -p /builder/plugins && mv /builder/incoming/template_debian /builder/plugins'
2022-12-03 00:56:29.279774 +0000 build-fedora42: copy-in (cmd): /usr/bin/qvm-run-vm disp3188 bash -c 'rm -rf /builder/incoming/build_deb /builder/plugins/build_deb'
2022-12-03 00:56:29.490168 +0000 build-fedora42: copy-in (cmd): /usr/lib/qubes/qrexec-client-vm disp3188 qubesbuilder.FileCopyIn /usr/lib/qubes/qfile-agent /home/user/qubes-builderv2/qubesbuilder/plugins/build_deb
2022-12-03 00:56:29.708672 +0000 build-fedora42: copy-in (cmd): /usr/bin/qvm-run-vm disp3188 bash -c 'mkdir -p /builder/plugins && mv /builder/incoming/build_deb /builder/plugins'
2022-12-03 00:56:30.142688 +0000 build-fedora42: Executing '/usr/bin/qvm-run-vm disp3188 env VERBOSE='1' DEBUG='1' BACKEND_VMM='xen' DIST='bullseye' DISTRIBUTION='debian' DIST_CODENAME='bullseye' DIST_NAME='debian' DIST_VER='11' TEMPLATE_NAME='debian-11' TEMPLATE_VERSION='4.1.0' TEMPLATE_FLAVOR='' TEMPLATE_OPTIONS='standard firmware' INSTALL_DIR='/builder/mnt' ARTIFACTS_DIR='/builder/build' PLUGINS_DIR='/builder/plugins' PACKAGES_DIR='/builder/repository' DISCARD_PREPARED_IMAGE='1' BUILDER_TURBO_MODE='1' CACHE_DIR='/builder/cache/cache_bullseye' TEMPLATE_ROOT_SIZE='20G' TEMPLATE_ROOT_WITH_PARTITIONS='1' USE_QUBES_REPO_VERSION='4.2' USE_QUBES_REPO_TESTING='1' TEMPLATE_CONTENT_DIR='/builder/plugins/template_debian' TEMPLATE_TIMESTAMP='202212030048' bash -c 'make -C /builder/plugins/template prepare build-rootimg''.
2022-12-03 00:56:30.341501 +0000 build-fedora42: output: make: Entering directory '/builder/plugins/template'
2022-12-03 00:56:30.353442 +0000 build-fedora42: output: Building template: debian-11 (202212030048)
2022-12-03 00:56:30.353495 +0000 build-fedora42: output: mkdir -p /builder/build
2022-12-03 00:56:30.354087 +0000 build-fedora42: output: echo 202212030048 > /builder/build/build_timestamp_debian-11
2022-12-03 00:56:30.355114 +0000 build-fedora42: output: # Check that required env are defined
2022-12-03 00:56:30.356042 +0000 build-fedora42: output: sudo env -i DIST_CODENAME="bullseye" DIST_NAME="debian" DIST_VER="11" PLUGINS_DIR="/builder/plugins" ARTIFACTS_DIR="/builder/build" CACHE_DIR="/builder/cache/cache_bullseye" TEMPLATE_CONTENT_DIR="/builder/plugins/template_debian" TEMPLATE_NAME="debian-11" TEMPLATE_VERSION="4.1.0" PACKAGES_DIR="/builder/repository" TEMPLATE_FLAVOR="" TEMPLATE_OPTIONS="standard firmware" TEMPLATE_FLAVOR_DIR="" APPMENUS_DIR="" CONFIG_DIR="" VERBOSE="1" DEBUG="1" PATH="/usr/local/bin:/usr/local/sbin:/usr/bin:/usr/sbin" DISCARD_PREPARED_IMAGE="1" TEMPLATE_ROOT_WITH_PARTITIONS="1" TEMPLATE_ROOT_SIZE="20G" USE_QUBES_REPO_VERSION="4.2" USE_QUBES_REPO_TESTING="1" BUILDER_TURBO_MODE="1" REPO_PROXY="" FEDORA_MIRROR="" CENTOS_MIRROR="" EPEL_MIRROR="" QUBES_MIRROR="" GENTOO_MIRROR="" ARCHLINUX_MIRROR="" DIST="bullseye" DISTRIBUTION="debian" /builder/plugins/template/scripts/prepare-image /builder/build/prepared_images/debian-11.img /builder/mnt
2022-12-03 00:56:30.366101 +0000 build-fedora42: output: + IMG=/builder/build/prepared_images/debian-11.img
2022-12-03 00:56:30.366141 +0000 build-fedora42: output: ++ readlink -m /builder/mnt
2022-12-03 00:56:30.366148 +0000 build-fedora42: output: + INSTALL_DIR=/builder/mnt
2022-12-03 00:56:30.366250 +0000 build-fedora42: output: ++ dirname /builder/plugins/template/scripts/prepare-image
2022-12-03 00:56:30.369598 +0000 build-fedora42: output: + BUILDER_SCRIPTS_DIR=/builder/plugins/template/scripts
2022-12-03 00:56:30.369660 +0000 build-fedora42: output: + LC_ALL=POSIX
2022-12-03 00:56:30.369681 +0000 build-fedora42: output: + RETCODE=0
2022-12-03 00:56:30.369703 +0000 build-fedora42: output: + . /builder/plugins/template/scripts/builder-setup
2022-12-03 00:56:30.369733 +0000 build-fedora42: output: ++ REQUIRED_ENV=(DIST_CODENAME DIST_NAME DIST_VER PLUGINS_DIR ARTIFACTS_DIR CACHE_DIR TEMPLATE_CONTENT_DIR TEMPLATE_NAME)
2022-12-03 00:56:30.369817 +0000 build-fedora42: output: ++ for var in "${REQUIRED_ENV[@]}"
2022-12-03 00:56:30.369841 +0000 build-fedora42: output: ++ '[' -z bullseye ']'
2022-12-03 00:56:30.369860 +0000 build-fedora42: output: ++ for var in "${REQUIRED_ENV[@]}"
2022-12-03 00:56:30.369876 +0000 build-fedora42: output: ++ '[' -z debian ']'
2022-12-03 00:56:30.369990 +0000 build-fedora42: output: ++ for var in "${REQUIRED_ENV[@]}"
2022-12-03 00:56:30.370014 +0000 build-fedora42: output: ++ '[' -z 11 ']'
2022-12-03 00:56:30.370031 +0000 build-fedora42: output: ++ for var in "${REQUIRED_ENV[@]}"
2022-12-03 00:56:30.370096 +0000 build-fedora42: output: ++ '[' -z /builder/plugins ']'
2022-12-03 00:56:30.370118 +0000 build-fedora42: output: ++ for var in "${REQUIRED_ENV[@]}"
2022-12-03 00:56:30.370182 +0000 build-fedora42: output: ++ '[' -z /builder/build ']'
2022-12-03 00:56:30.370258 +0000 build-fedora42: output: ++ for var in "${REQUIRED_ENV[@]}"
2022-12-03 00:56:30.370278 +0000 build-fedora42: output: ++ '[' -z /builder/cache/cache_bullseye ']'
2022-12-03 00:56:30.370296 +0000 build-fedora42: output: ++ for var in "${REQUIRED_ENV[@]}"
2022-12-03 00:56:30.370314 +0000 build-fedora42: output: ++ '[' -z /builder/plugins/template_debian ']'
2022-12-03 00:56:30.370330 +0000 build-fedora42: output: ++ for var in "${REQUIRED_ENV[@]}"
2022-12-03 00:56:30.370352 +0000 build-fedora42: output: ++ '[' -z debian-11 ']'
2022-12-03 00:56:30.370366 +0000 build-fedora42: output: +++ id -ur
2022-12-03 00:56:30.370392 +0000 build-fedora42: output: ++ [[ 0 != 0 ]]
2022-12-03 00:56:30.370411 +0000 build-fedora42: output: + . /builder/plugins/template/scripts/umount-kill
2022-12-03 00:56:30.370425 +0000 build-fedora42: output: ++ '[' 1 == 1 ']'
2022-12-03 00:56:30.370440 +0000 build-fedora42: output: ++ set -x
2022-12-03 00:56:30.370460 +0000 build-fedora42: output: +++ basename /builder/plugins/template/scripts/prepare-image
2022-12-03 00:56:30.370956 +0000 build-fedora42: output: ++ '[' prepare-image == umount-kill ']'
2022-12-03 00:56:30.370988 +0000 build-fedora42: output: + '[' 2 -ne 2 ']'
2022-12-03 00:56:30.371004 +0000 build-fedora42: output: + '[' -z 20G ']'
2022-12-03 00:56:30.371034 +0000 build-fedora42: output: + mkdir -p /builder/mnt /builder/cache/cache_bullseye /builder/repository /builder/build
2022-12-03 00:56:30.372009 +0000 build-fedora42: output: + export INSTALL_DIR LC_ALL IMG
2022-12-03 00:56:30.372454 +0000 build-fedora42: output: + DIST_TO_STR=bullseye+
2022-12-03 00:56:30.372499 +0000 build-fedora42: output: + '[' 17 -gt 0 ']'
2022-12-03 00:56:30.372582 +0000 build-fedora42: output: + DIST_TO_STR='bullseye+ (options: standard firmware)'
2022-12-03 00:56:30.372606 +0000 build-fedora42: output: + echo 'INFO: Preparing installation of bullseye+ (options: standard firmware) template...'
2022-12-03 00:56:30.372632 +0000 build-fedora42: output: + /builder/plugins/template_debian/00_prepare.sh
2022-12-03 00:56:30.372654 +0000 build-fedora42: output: INFO: Preparing installation of bullseye+ (options: standard firmware) template...
2022-12-03 00:56:30.375611 +0000 build-fedora42: output: ++++ basename /builder/plugins/template_debian/00_prepare.sh
2022-12-03 00:56:30.377130 +0000 build-fedora42: output: +++ '[' 00_prepare.sh == umount-kill ']'
2022-12-03 00:56:30.377176 +0000 build-fedora42: output: ++ output 'INFO: /builder/plugins/template_debian/distribution.sh imported by: /builder/plugins/template_debian/00_prepare.sh'
2022-12-03 00:56:30.377195 +0000 build-fedora42: output: ++ '[' 01 -ge 1 ']'
2022-12-03 00:56:30.377211 +0000 build-fedora42: output: ++ [[ -z '' ]]
2022-12-03 00:56:30.377300 +0000 build-fedora42: output: ++ [[ ehB != \e\h\x\B ]]
2022-12-03 00:56:30.378010 +0000 build-fedora42: output: + umount_all /builder/mnt
2022-12-03 00:56:30.378042 +0000 build-fedora42: output: + directory=/builder/mnt
2022-12-03 00:56:30.378109 +0000 build-fedora42: output: + '[' /builder/mnt == /builder/mnt ']'
2022-12-03 00:56:30.378359 +0000 build-fedora42: output: ++ mountPoints
2022-12-03 00:56:30.378745 +0000 build-fedora42: output: ++ local mount_point
2022-12-03 00:56:30.379508 +0000 build-fedora42: output: +++ mountPoint ''
2022-12-03 00:56:30.379554 +0000 build-fedora42: output: +++ local mount_point=
2022-12-03 00:56:30.379599 +0000 build-fedora42: output: +++ [[ '' == /* ]]
2022-12-03 00:56:30.379925 +0000 build-fedora42: output: ++++ readlink -m .
2022-12-03 00:56:30.381186 +0000 build-fedora42: output: +++ mount_point=/builder/plugins/template/
2022-12-03 00:56:30.381255 +0000 build-fedora42: output: +++ sed 's#//*#/#g'
2022-12-03 00:56:30.381910 +0000 build-fedora42: output: +++ echo /builder/plugins/template/
2022-12-03 00:56:30.382179 +0000 build-fedora42: output: ++ mount_point=/builder/plugins/template/
2022-12-03 00:56:30.383389 +0000 build-fedora42: output: +++ sudo grep /builder/plugins/template/ /proc/mounts
2022-12-03 00:56:30.383497 +0000 build-fedora42: output: +++ uniq
2022-12-03 00:56:30.383519 +0000 build-fedora42: output: +++ grep '^/builder/plugins/template/'
2022-12-03 00:56:30.384559 +0000 build-fedora42: output: +++ cut -f2 '-d '
2022-12-03 00:56:30.385153 +0000 build-fedora42: output: +++ sort -r
2022-12-03 00:56:30.397278 +0000 build-fedora42: output: ++ echo ''
2022-12-03 00:56:30.397319 +0000 build-fedora42: output: + '[' -n '' ']'
2022-12-03 00:56:30.397376 +0000 build-fedora42: output: + umount_kill /builder/mnt
2022-12-03 00:56:30.398111 +0000 build-fedora42: output: + '[' 01 -le 2 ']'
2022-12-03 00:56:30.398163 +0000 build-fedora42: output: + test -o xtrace
2022-12-03 00:56:30.398191 +0000 build-fedora42: output: + true 'umount_kill: Disabling xtrace, because variable VERBOSE (1) is lower than or equal 2...'
2022-12-03 00:56:30.398207 +0000 build-fedora42: output: + set +x
2022-12-03 00:56:30.447910 +0000 build-fedora42: output: INFO: Attempting to kill any processes still running in '/builder/mnt' before un-mounting
2022-12-03 00:56:30.475530 +0000 build-fedora42: output: + true 'umount_kill: Restoring xtrace...'
2022-12-03 00:56:30.475610 +0000 build-fedora42: output: + buildStep /builder/plugins/template_debian/00_prepare.sh pre
2022-12-03 00:56:30.475708 +0000 build-fedora42: output: + local filename=/builder/plugins/template_debian/00_prepare.sh
2022-12-03 00:56:30.475731 +0000 build-fedora42: output: + local suffix=pre
2022-12-03 00:56:30.475749 +0000 build-fedora42: output: + unset build_step_files
2022-12-03 00:56:30.475770 +0000 build-fedora42: output: + info 'Locating buildStep files: 00_prepare.sh suffix: pre'
2022-12-03 00:56:30.475857 +0000 build-fedora42: output: + output 'INFO: Locating buildStep files: 00_prepare.sh suffix: pre'
2022-12-03 00:56:30.475947 +0000 build-fedora42: output: + '[' 01 -ge 1 ']'
2022-12-03 00:56:30.476623 +0000 build-fedora42: output: + [[ -z '' ]]
2022-12-03 00:56:30.476724 +0000 build-fedora42: output: + [[ ehB != \e\h\x\B ]]
2022-12-03 00:56:30.476757 +0000 build-fedora42: output: + getFileLocations build_step_files /builder/plugins/template_debian/00_prepare.sh pre
2022-12-03 00:56:30.476779 +0000 build-fedora42: output: + local return_global_var=build_step_files
2022-12-03 00:56:30.476804 +0000 build-fedora42: output: + local filename=/builder/plugins/template_debian/00_prepare.sh
2022-12-03 00:56:30.476820 +0000 build-fedora42: output: + local suffix=pre
2022-12-03 00:56:30.476838 +0000 build-fedora42: output: + local function=templateFile
2022-12-03 00:56:30.476854 +0000 build-fedora42: output: + unset GLOBAL_CACHE
2022-12-03 00:56:30.476871 +0000 build-fedora42: output: + declare -gA GLOBAL_CACHE
2022-12-03 00:56:30.476895 +0000 build-fedora42: output: + callTemplateFunction /builder/plugins/template_debian/00_prepare.sh pre templateFile
2022-12-03 00:56:30.476918 +0000 build-fedora42: output: + local calling_script=/builder/plugins/template_debian/00_prepare.sh
2022-12-03 00:56:30.476935 +0000 build-fedora42: output: + local calling_arg=pre
2022-12-03 00:56:30.476952 +0000 build-fedora42: output: + local functionExec=templateFile
2022-12-03 00:56:30.476968 +0000 build-fedora42: output: + local template_flavor=
2022-12-03 00:56:30.476984 +0000 build-fedora42: output: + local template_options
2022-12-03 00:56:30.477006 +0000 build-fedora42: output: + templateFile /builder/plugins/template_debian/00_prepare.sh pre ''
2022-12-03 00:56:30.477026 +0000 build-fedora42: output: + local file=/builder/plugins/template_debian/00_prepare.sh
2022-12-03 00:56:30.477042 +0000 build-fedora42: output: + local suffix=pre
2022-12-03 00:56:30.477059 +0000 build-fedora42: output: + local template_flavor=
2022-12-03 00:56:30.477074 +0000 build-fedora42: output: + local template_dirs
2022-12-03 00:56:30.477090 +0000 build-fedora42: output: ++ templateDirs ''
2022-12-03 00:56:30.477114 +0000 build-fedora42: output: ++ local template_flavor=
2022-12-03 00:56:30.477132 +0000 build-fedora42: output: ++ local template_flavor_prefix
2022-12-03 00:56:30.477173 +0000 build-fedora42: output: ++ local template_flavor_dir
2022-12-03 00:56:30.477189 +0000 build-fedora42: output: ++ local match=0
2022-12-03 00:56:30.477206 +0000 build-fedora42: output: ++ read -r -a template_flavor_dir
2022-12-03 00:56:30.477252 +0000 build-fedora42: output: ++ '[' 0 -eq 1 ']'
2022-12-03 00:56:30.477534 +0000 build-fedora42: output: +++ templateFlavorPrefix ''
2022-12-03 00:56:30.477564 +0000 build-fedora42: output: +++ local template_flavor=
2022-12-03 00:56:30.477571 +0000 build-fedora42: output: +++ local template_flavor_prefix
2022-12-03 00:56:30.477578 +0000 build-fedora42: output: +++ read -r -a template_flavor_prefix
2022-12-03 00:56:30.477583 +0000 build-fedora42: output: +++ '[' '' == + ']'
2022-12-03 00:56:30.477589 +0000 build-fedora42: output: +++ echo bullseye
2022-12-03 00:56:30.477596 +0000 build-fedora42: output: ++ template_flavor_prefix=bullseye
2022-12-03 00:56:30.477601 +0000 build-fedora42: output: ++ '[' -n '' ']'
2022-12-03 00:56:30.477606 +0000 build-fedora42: output: ++ '[' -n '' ']'
2022-12-03 00:56:30.477770 +0000 build-fedora42: output: ++ local dir=/builder/plugins/template_debian
2022-12-03 00:56:30.477976 +0000 build-fedora42: output: ++ echo /builder/plugins/template_debian
2022-12-03 00:56:30.478375 +0000 build-fedora42: output: + template_dirs=/builder/plugins/template_debian
2022-12-03 00:56:30.478411 +0000 build-fedora42: output: + splitPath /builder/plugins/template_debian/00_prepare.sh path_parts
2022-12-03 00:56:30.478431 +0000 build-fedora42: output: + local return_global_var=path_parts
2022-12-03 00:56:30.478448 +0000 build-fedora42: output: + local filename=00_prepare.sh
2022-12-03 00:56:30.478467 +0000 build-fedora42: output: + local dir=/builder/plugins/template_debian/
2022-12-03 00:56:30.478484 +0000 build-fedora42: output: + local base=00_prepare
2022-12-03 00:56:30.478500 +0000 build-fedora42: output: + local ext=sh
2022-12-03 00:56:30.478516 +0000 build-fedora42: output: + '[' sh ']'
2022-12-03 00:56:30.478532 +0000 build-fedora42: output: + local dotext=.sh
2022-12-03 00:56:30.478548 +0000 build-fedora42: output: + [[ -z 00_prepare ]]
2022-12-03 00:56:30.478582 +0000 build-fedora42: output: + PARTS=(['full']='/builder/plugins/template_debian/00_prepare.sh' ['dir']='/builder/plugins/template_debian/' ['base']='00_prepare' ['ext']='sh' ['dotext']='.sh')
2022-12-03 00:56:30.478818 +0000 build-fedora42: output: + declare -A PARTS
2022-12-03 00:56:30.478859 +0000 build-fedora42: output: + setArrayAsGlobal PARTS path_parts
2022-12-03 00:56:30.478876 +0000 build-fedora42: output: + local array=PARTS
2022-12-03 00:56:30.478894 +0000 build-fedora42: output: + local export_as=path_parts
2022-12-03 00:56:30.478909 +0000 build-fedora42: output: + local code
2022-12-03 00:56:30.478925 +0000 build-fedora42: output: + local replaced
2022-12-03 00:56:30.478940 +0000 build-fedora42: output: ++ declare -p PARTS
2022-12-03 00:56:30.479259 +0000 build-fedora42: output: + code='declare -A PARTS=([dotext]=".sh" [base]="00_prepare" [dir]="/builder/plugins/template_debian/" [ext]="sh" [full]="/builder/plugins/template_debian/00_prepare.sh" )'
2022-12-03 00:56:30.479318 +0000 build-fedora42: output: + replaced='declare -A path_parts=([dotext]=".sh" [base]="00_prepare" [dir]="/builder/plugins/template_debian/" [ext]="sh" [full]="/builder/plugins/template_debian/00_prepare.sh" )'
2022-12-03 00:56:30.479355 +0000 build-fedora42: output: + eval 'declare -gA path_parts=([dotext]=".sh" [base]="00_prepare" [dir]="/builder/plugins/template_debian/" [ext]="sh" [full]="/builder/plugins/template_debian/00_prepare.sh" )'
2022-12-03 00:56:30.479504 +0000 build-fedora42: output: ++ path_parts=(['dotext']='.sh' ['base']='00_prepare' ['dir']='/builder/plugins/template_debian/' ['ext']='sh' ['full']='/builder/plugins/template_debian/00_prepare.sh')
2022-12-03 00:56:30.479540 +0000 build-fedora42: output: ++ declare -gA path_parts
2022-12-03 00:56:30.479618 +0000 build-fedora42: output: + for template_dir in "${template_dirs[@]}"
2022-12-03 00:56:30.479651 +0000 build-fedora42: output: + '[' -z '' ']'
2022-12-03 00:56:30.479668 +0000 build-fedora42: output: + '[' -n pre ']'
2022-12-03 00:56:30.479689 +0000 build-fedora42: output: + exists /builder/plugins/template_debian/00_prepare_pre.sh
2022-12-03 00:56:30.479716 +0000 build-fedora42: output: + filename=/builder/plugins/template_debian/00_prepare_pre.sh
2022-12-03 00:56:30.479737 +0000 build-fedora42: output: + '[' -e /builder/plugins/template_debian/00_prepare_pre.sh ']'
2022-12-03 00:56:30.479961 +0000 build-fedora42: output: + return 1
2022-12-03 00:56:30.479981 +0000 build-fedora42: output: + true
2022-12-03 00:56:30.479987 +0000 build-fedora42: output: + return
2022-12-03 00:56:30.479995 +0000 build-fedora42: output: + templateFile /builder/plugins/template_debian/00_prepare.sh pre +
2022-12-03 00:56:30.480003 +0000 build-fedora42: output: + local file=/builder/plugins/template_debian/00_prepare.sh
2022-12-03 00:56:30.480008 +0000 build-fedora42: output: + local suffix=pre
2022-12-03 00:56:30.480014 +0000 build-fedora42: output: + local template_flavor=+
2022-12-03 00:56:30.480019 +0000 build-fedora42: output: + local template_dirs
2022-12-03 00:56:30.480136 +0000 build-fedora42: output: ++ templateDirs +
2022-12-03 00:56:30.480244 +0000 build-fedora42: output: ++ local template_flavor=+
2022-12-03 00:56:30.480253 +0000 build-fedora42: output: ++ local template_flavor_prefix
2022-12-03 00:56:30.480397 +0000 build-fedora42: output: ++ local template_flavor_dir
2022-12-03 00:56:30.480581 +0000 build-fedora42: output: ++ local match=0
2022-12-03 00:56:30.480621 +0000 build-fedora42: output: ++ read -r -a template_flavor_dir
2022-12-03 00:56:30.480745 +0000 build-fedora42: output: ++ '[' 0 -eq 1 ']'
2022-12-03 00:56:30.480773 +0000 build-fedora42: output: +++ templateFlavorPrefix +
2022-12-03 00:56:30.480903 +0000 build-fedora42: output: +++ local template_flavor=+
2022-12-03 00:56:30.480929 +0000 build-fedora42: output: +++ local template_flavor_prefix
2022-12-03 00:56:30.481102 +0000 build-fedora42: output: +++ read -r -a template_flavor_prefix
2022-12-03 00:56:30.481122 +0000 build-fedora42: output: +++ '[' + == + ']'
2022-12-03 00:56:30.481246 +0000 build-fedora42: output: +++ echo bullseye
2022-12-03 00:56:30.481258 +0000 build-fedora42: output: ++ template_flavor_prefix=bullseye
2022-12-03 00:56:30.481264 +0000 build-fedora42: output: ++ '[' -n + ']'
2022-12-03 00:56:30.481290 +0000 build-fedora42: output: ++ '[' + == + ']'
2022-12-03 00:56:30.481302 +0000 build-fedora42: output: ++ local dir=/builder/plugins/template_debian/bullseye
2022-12-03 00:56:30.481354 +0000 build-fedora42: output: ++ echo /builder/plugins/template_debian/bullseye
2022-12-03 00:56:30.481860 +0000 build-fedora42: output: + template_dirs=/builder/plugins/template_debian/bullseye
2022-12-03 00:56:30.482289 +0000 build-fedora42: output: + splitPath /builder/plugins/template_debian/00_prepare.sh path_parts
2022-12-03 00:56:30.483026 +0000 build-fedora42: output: + local return_global_var=path_parts
2022-12-03 00:56:30.483065 +0000 build-fedora42: output: + local filename=00_prepare.sh
2022-12-03 00:56:30.483087 +0000 build-fedora42: output: + local dir=/builder/plugins/template_debian/
2022-12-03 00:56:30.483104 +0000 build-fedora42: output: + local base=00_prepare
2022-12-03 00:56:30.483120 +0000 build-fedora42: output: + local ext=sh
2022-12-03 00:56:30.483135 +0000 build-fedora42: output: + '[' sh ']'
2022-12-03 00:56:30.483151 +0000 build-fedora42: output: + local dotext=.sh
2022-12-03 00:56:30.483167 +0000 build-fedora42: output: + [[ -z 00_prepare ]]
2022-12-03 00:56:30.483201 +0000 build-fedora42: output: + PARTS=(['full']='/builder/plugins/template_debian/00_prepare.sh' ['dir']='/builder/plugins/template_debian/' ['base']='00_prepare' ['ext']='sh' ['dotext']='.sh')
2022-12-03 00:56:30.483292 +0000 build-fedora42: output: + declare -A PARTS
2022-12-03 00:56:30.483303 +0000 build-fedora42: output: + setArrayAsGlobal PARTS path_parts
2022-12-03 00:56:30.483319 +0000 build-fedora42: output: + local array=PARTS
2022-12-03 00:56:30.483326 +0000 build-fedora42: output: + local export_as=path_parts
2022-12-03 00:56:30.483331 +0000 build-fedora42: output: + local code
2022-12-03 00:56:30.483337 +0000 build-fedora42: output: + local replaced
2022-12-03 00:56:30.483347 +0000 build-fedora42: output: ++ declare -p PARTS
2022-12-03 00:56:30.483659 +0000 build-fedora42: output: + code='declare -A PARTS=([dotext]=".sh" [base]="00_prepare" [dir]="/builder/plugins/template_debian/" [ext]="sh" [full]="/builder/plugins/template_debian/00_prepare.sh" )'
2022-12-03 00:56:30.483716 +0000 build-fedora42: output: + replaced='declare -A path_parts=([dotext]=".sh" [base]="00_prepare" [dir]="/builder/plugins/template_debian/" [ext]="sh" [full]="/builder/plugins/template_debian/00_prepare.sh" )'
2022-12-03 00:56:30.483927 +0000 build-fedora42: output: + eval 'declare -gA path_parts=([dotext]=".sh" [base]="00_prepare" [dir]="/builder/plugins/template_debian/" [ext]="sh" [full]="/builder/plugins/template_debian/00_prepare.sh" )'
2022-12-03 00:56:30.484306 +0000 build-fedora42: output: ++ path_parts=(['dotext']='.sh' ['base']='00_prepare' ['dir']='/builder/plugins/template_debian/' ['ext']='sh' ['full']='/builder/plugins/template_debian/00_prepare.sh')
2022-12-03 00:56:30.484344 +0000 build-fedora42: output: ++ declare -gA path_parts
2022-12-03 00:56:30.484767 +0000 build-fedora42: output: + for template_dir in "${template_dirs[@]}"
2022-12-03 00:56:30.484780 +0000 build-fedora42: output: + '[' -z + ']'
2022-12-03 00:56:30.485474 +0000 build-fedora42: output: + '[' -n pre ']'
2022-12-03 00:56:30.485899 +0000 build-fedora42: output: + exists /builder/plugins/template_debian/bullseye/+/00_prepare_pre.sh
2022-12-03 00:56:30.485950 +0000 build-fedora42: output: + filename=/builder/plugins/template_debian/bullseye/+/00_prepare_pre.sh
2022-12-03 00:56:30.485975 +0000 build-fedora42: output: + '[' -e /builder/plugins/template_debian/bullseye/+/00_prepare_pre.sh ']'
2022-12-03 00:56:30.485990 +0000 build-fedora42: output: + return 1
2022-12-03 00:56:30.486005 +0000 build-fedora42: output: + true
2022-12-03 00:56:30.486028 +0000 build-fedora42: output: + exists /builder/plugins/template_debian/bullseye/+/00_prepare_pre.sh
2022-12-03 00:56:30.486050 +0000 build-fedora42: output: + filename=/builder/plugins/template_debian/bullseye/+/00_prepare_pre.sh
2022-12-03 00:56:30.486073 +0000 build-fedora42: output: + '[' -e /builder/plugins/template_debian/bullseye/+/00_prepare_pre.sh ']'
2022-12-03 00:56:30.486316 +0000 build-fedora42: output: + return 1
2022-12-03 00:56:30.486336 +0000 build-fedora42: output: + true
2022-12-03 00:56:30.486358 +0000 build-fedora42: output: + exists /builder/plugins/template_debian/bullseye/00_prepare_pre.sh
2022-12-03 00:56:30.486439 +0000 build-fedora42: output: + filename=/builder/plugins/template_debian/bullseye/00_prepare_pre.sh
2022-12-03 00:56:30.486613 +0000 build-fedora42: output: + '[' -e /builder/plugins/template_debian/bullseye/00_prepare_pre.sh ']'
2022-12-03 00:56:30.486632 +0000 build-fedora42: output: + return 1
2022-12-03 00:56:30.486647 +0000 build-fedora42: output: + true
2022-12-03 00:56:30.486669 +0000 build-fedora42: output: + exists /builder/plugins/template_debian/bullseye/00_prepare_pre_+.sh
2022-12-03 00:56:30.486691 +0000 build-fedora42: output: + filename=/builder/plugins/template_debian/bullseye/00_prepare_pre_+.sh
2022-12-03 00:56:30.486714 +0000 build-fedora42: output: + '[' -e /builder/plugins/template_debian/bullseye/00_prepare_pre_+.sh ']'
2022-12-03 00:56:30.486728 +0000 build-fedora42: output: + return 1
2022-12-03 00:56:30.486818 +0000 build-fedora42: output: + true
2022-12-03 00:56:30.486841 +0000 build-fedora42: output: + exists /builder/plugins/template_debian/00_prepare_pre_+.sh
2022-12-03 00:56:30.486862 +0000 build-fedora42: output: + filename=/builder/plugins/template_debian/00_prepare_pre_+.sh
2022-12-03 00:56:30.486883 +0000 build-fedora42: output: + '[' -e /builder/plugins/template_debian/00_prepare_pre_+.sh ']'
2022-12-03 00:56:30.486914 +0000 build-fedora42: output: + return 1
2022-12-03 00:56:30.486929 +0000 build-fedora42: output: + true
2022-12-03 00:56:30.487113 +0000 build-fedora42: output: + read -r -a template_options
2022-12-03 00:56:30.487136 +0000 build-fedora42: output: + for option in "${template_options[@]}"
2022-12-03 00:56:30.487159 +0000 build-fedora42: output: + templateFile /builder/plugins/template_debian/00_prepare.sh pre +standard
2022-12-03 00:56:30.487180 +0000 build-fedora42: output: + local file=/builder/plugins/template_debian/00_prepare.sh
2022-12-03 00:56:30.487196 +0000 build-fedora42: output: + local suffix=pre
2022-12-03 00:56:30.487213 +0000 build-fedora42: output: + local template_flavor=+standard
2022-12-03 00:56:30.487251 +0000 build-fedora42: output: + local template_dirs
2022-12-03 00:56:30.487325 +0000 build-fedora42: output: ++ templateDirs +standard
2022-12-03 00:56:30.487356 +0000 build-fedora42: output: ++ local template_flavor=+standard
2022-12-03 00:56:30.487374 +0000 build-fedora42: output: ++ local template_flavor_prefix
2022-12-03 00:56:30.487390 +0000 build-fedora42: output: ++ local template_flavor_dir
2022-12-03 00:56:30.487406 +0000 build-fedora42: output: ++ local match=0
2022-12-03 00:56:30.487423 +0000 build-fedora42: output: ++ read -r -a template_flavor_dir
2022-12-03 00:56:30.487515 +0000 build-fedora42: output: ++ '[' 0 -eq 1 ']'
2022-12-03 00:56:30.487536 +0000 build-fedora42: output: +++ templateFlavorPrefix +standard
2022-12-03 00:56:30.487546 +0000 build-fedora42: output: +++ local template_flavor=+standard
2022-12-03 00:56:30.487552 +0000 build-fedora42: output: +++ local template_flavor_prefix
2022-12-03 00:56:30.487559 +0000 build-fedora42: output: +++ read -r -a template_flavor_prefix
2022-12-03 00:56:30.487872 +0000 build-fedora42: output: +++ '[' +standard == + ']'
2022-12-03 00:56:30.487891 +0000 build-fedora42: output: +++ echo bullseye+
2022-12-03 00:56:30.488116 +0000 build-fedora42: output: ++ template_flavor_prefix=bullseye+
2022-12-03 00:56:30.488229 +0000 build-fedora42: output: ++ '[' -n +standard ']'
2022-12-03 00:56:30.488241 +0000 build-fedora42: output: ++ '[' +standard == + ']'
2022-12-03 00:56:30.488247 +0000 build-fedora42: output: ++ '[' -n +standard ']'
2022-12-03 00:56:30.488255 +0000 build-fedora42: output: ++ local dir=/builder/plugins/template_debian/bullseye++standard
2022-12-03 00:56:30.488264 +0000 build-fedora42: output: ++ echo /builder/plugins/template_debian/bullseye++standard
2022-12-03 00:56:30.489341 +0000 build-fedora42: output: + template_dirs=/builder/plugins/template_debian/bullseye++standard
2022-12-03 00:56:30.489597 +0000 build-fedora42: output: + splitPath /builder/plugins/template_debian/00_prepare.sh path_parts
2022-12-03 00:56:30.489614 +0000 build-fedora42: output: + local return_global_var=path_parts
2022-12-03 00:56:30.489712 +0000 build-fedora42: output: + local filename=00_prepare.sh
2022-12-03 00:56:30.489856 +0000 build-fedora42: output: + local dir=/builder/plugins/template_debian/
2022-12-03 00:56:30.489951 +0000 build-fedora42: output: + local base=00_prepare
2022-12-03 00:56:30.489982 +0000 build-fedora42: output: + local ext=sh
2022-12-03 00:56:30.489992 +0000 build-fedora42: output: + '[' sh ']'
2022-12-03 00:56:30.490038 +0000 build-fedora42: output: + local dotext=.sh
2022-12-03 00:56:30.490049 +0000 build-fedora42: output: + [[ -z 00_prepare ]]
2022-12-03 00:56:30.490117 +0000 build-fedora42: output: + PARTS=(['full']='/builder/plugins/template_debian/00_prepare.sh' ['dir']='/builder/plugins/template_debian/' ['base']='00_prepare' ['ext']='sh' ['dotext']='.sh')
2022-12-03 00:56:30.490148 +0000 build-fedora42: output: + declare -A PARTS
2022-12-03 00:56:30.490175 +0000 build-fedora42: output: + setArrayAsGlobal PARTS path_parts
2022-12-03 00:56:30.490184 +0000 build-fedora42: output: + local array=PARTS
2022-12-03 00:56:30.490311 +0000 build-fedora42: output: + local export_as=path_parts
2022-12-03 00:56:30.490333 +0000 build-fedora42: output: + local code
2022-12-03 00:56:30.490340 +0000 build-fedora42: output: + local replaced
2022-12-03 00:56:30.490345 +0000 build-fedora42: output: ++ declare -p PARTS
2022-12-03 00:56:30.490617 +0000 build-fedora42: output: + code='declare -A PARTS=([dotext]=".sh" [base]="00_prepare" [dir]="/builder/plugins/template_debian/" [ext]="sh" [full]="/builder/plugins/template_debian/00_prepare.sh" )'
2022-12-03 00:56:30.490666 +0000 build-fedora42: output: + replaced='declare -A path_parts=([dotext]=".sh" [base]="00_prepare" [dir]="/builder/plugins/template_debian/" [ext]="sh" [full]="/builder/plugins/template_debian/00_prepare.sh" )'
2022-12-03 00:56:30.490703 +0000 build-fedora42: output: + eval 'declare -gA path_parts=([dotext]=".sh" [base]="00_prepare" [dir]="/builder/plugins/template_debian/" [ext]="sh" [full]="/builder/plugins/template_debian/00_prepare.sh" )'
2022-12-03 00:56:30.490720 +0000 build-fedora42: output: ++ path_parts=(['dotext']='.sh' ['base']='00_prepare' ['dir']='/builder/plugins/template_debian/' ['ext']='sh' ['full']='/builder/plugins/template_debian/00_prepare.sh')
2022-12-03 00:56:30.490726 +0000 build-fedora42: output: ++ declare -gA path_parts
2022-12-03 00:56:30.490948 +0000 build-fedora42: output: + for template_dir in "${template_dirs[@]}"
2022-12-03 00:56:30.490962 +0000 build-fedora42: output: + '[' -z +standard ']'
2022-12-03 00:56:30.491052 +0000 build-fedora42: output: + '[' -n pre ']'
2022-12-03 00:56:30.491066 +0000 build-fedora42: output: + exists /builder/plugins/template_debian/bullseye++standard/+standard/00_prepare_pre.sh
2022-12-03 00:56:30.491095 +0000 build-fedora42: output: + filename=/builder/plugins/template_debian/bullseye++standard/+standard/00_prepare_pre.sh
2022-12-03 00:56:30.491108 +0000 build-fedora42: output: + '[' -e /builder/plugins/template_debian/bullseye++standard/+standard/00_prepare_pre.sh ']'
2022-12-03 00:56:30.491197 +0000 build-fedora42: output: + return 1
2022-12-03 00:56:30.491236 +0000 build-fedora42: output: + true
2022-12-03 00:56:30.491270 +0000 build-fedora42: output: + exists /builder/plugins/template_debian/bullseye++standard/+standard/00_prepare_pre.sh
2022-12-03 00:56:30.491301 +0000 build-fedora42: output: + filename=/builder/plugins/template_debian/bullseye++standard/+standard/00_prepare_pre.sh
2022-12-03 00:56:30.491343 +0000 build-fedora42: output: + '[' -e /builder/plugins/template_debian/bullseye++standard/+standard/00_prepare_pre.sh ']'
2022-12-03 00:56:30.491371 +0000 build-fedora42: output: + return 1
2022-12-03 00:56:30.491587 +0000 build-fedora42: output: + true
2022-12-03 00:56:30.491629 +0000 build-fedora42: output: + exists /builder/plugins/template_debian/bullseye++standard/00_prepare_pre.sh
2022-12-03 00:56:30.491640 +0000 build-fedora42: output: + filename=/builder/plugins/template_debian/bullseye++standard/00_prepare_pre.sh
2022-12-03 00:56:30.491649 +0000 build-fedora42: output: + '[' -e /builder/plugins/template_debian/bullseye++standard/00_prepare_pre.sh ']'
2022-12-03 00:56:30.491654 +0000 build-fedora42: output: + return 1
2022-12-03 00:56:30.491659 +0000 build-fedora42: output: + true
2022-12-03 00:56:30.491668 +0000 build-fedora42: output: + exists /builder/plugins/template_debian/bullseye++standard/00_prepare_pre_+standard.sh
2022-12-03 00:56:30.491676 +0000 build-fedora42: output: + filename=/builder/plugins/template_debian/bullseye++standard/00_prepare_pre_+standard.sh
2022-12-03 00:56:30.491688 +0000 build-fedora42: output: + '[' -e /builder/plugins/template_debian/bullseye++standard/00_prepare_pre_+standard.sh ']'
2022-12-03 00:56:30.491804 +0000 build-fedora42: output: + return 1
2022-12-03 00:56:30.491821 +0000 build-fedora42: output: + true
2022-12-03 00:56:30.491830 +0000 build-fedora42: output: + exists /builder/plugins/template_debian/00_prepare_pre_+standard.sh
2022-12-03 00:56:30.491838 +0000 build-fedora42: output: + filename=/builder/plugins/template_debian/00_prepare_pre_+standard.sh
2022-12-03 00:56:30.491877 +0000 build-fedora42: output: + '[' -e /builder/plugins/template_debian/00_prepare_pre_+standard.sh ']'
2022-12-03 00:56:30.491884 +0000 build-fedora42: output: + return 1
2022-12-03 00:56:30.491892 +0000 build-fedora42: output: + true
2022-12-03 00:56:30.491900 +0000 build-fedora42: output: + templateFile /builder/plugins/template_debian/00_prepare.sh pre standard
2022-12-03 00:56:30.491907 +0000 build-fedora42: output: + local file=/builder/plugins/template_debian/00_prepare.sh
2022-12-03 00:56:30.492016 +0000 build-fedora42: output: + local suffix=pre
2022-12-03 00:56:30.492032 +0000 build-fedora42: output: + local template_flavor=standard
2022-12-03 00:56:30.492040 +0000 build-fedora42: output: + local template_dirs
2022-12-03 00:56:30.492243 +0000 build-fedora42: output: ++ templateDirs standard
2022-12-03 00:56:30.492407 +0000 build-fedora42: output: ++ local template_flavor=standard
2022-12-03 00:56:30.492422 +0000 build-fedora42: output: ++ local template_flavor_prefix
2022-12-03 00:56:30.492523 +0000 build-fedora42: output: ++ local template_flavor_dir
2022-12-03 00:56:30.492539 +0000 build-fedora42: output: ++ local match=0
2022-12-03 00:56:30.492618 +0000 build-fedora42: output: ++ read -r -a template_flavor_dir
2022-12-03 00:56:30.492633 +0000 build-fedora42: output: ++ '[' 0 -eq 1 ']'
2022-12-03 00:56:30.492849 +0000 build-fedora42: output: +++ templateFlavorPrefix standard
2022-12-03 00:56:30.493031 +0000 build-fedora42: output: +++ local template_flavor=standard
2022-12-03 00:56:30.493071 +0000 build-fedora42: output: +++ local template_flavor_prefix
2022-12-03 00:56:30.493080 +0000 build-fedora42: output: +++ read -r -a template_flavor_prefix
2022-12-03 00:56:30.493122 +0000 build-fedora42: output: +++ '[' standard == + ']'
2022-12-03 00:56:30.493130 +0000 build-fedora42: output: +++ echo bullseye+
2022-12-03 00:56:30.493376 +0000 build-fedora42: output: ++ template_flavor_prefix=bullseye+
2022-12-03 00:56:30.493390 +0000 build-fedora42: output: ++ '[' -n standard ']'
2022-12-03 00:56:30.493514 +0000 build-fedora42: output: ++ '[' standard == + ']'
2022-12-03 00:56:30.493719 +0000 build-fedora42: output: ++ '[' -n standard ']'
2022-12-03 00:56:30.493734 +0000 build-fedora42: output: ++ local dir=/builder/plugins/template_debian/bullseye+standard
2022-12-03 00:56:30.493742 +0000 build-fedora42: output: ++ echo /builder/plugins/template_debian/bullseye+standard
2022-12-03 00:56:30.493912 +0000 build-fedora42: output: + template_dirs=/builder/plugins/template_debian/bullseye+standard
2022-12-03 00:56:30.494073 +0000 build-fedora42: output: + splitPath /builder/plugins/template_debian/00_prepare.sh path_parts
2022-12-03 00:56:30.494110 +0000 build-fedora42: output: + local return_global_var=path_parts
2022-12-03 00:56:30.494117 +0000 build-fedora42: output: + local filename=00_prepare.sh
2022-12-03 00:56:30.494124 +0000 build-fedora42: output: + local dir=/builder/plugins/template_debian/
2022-12-03 00:56:30.494132 +0000 build-fedora42: output: + local base=00_prepare
2022-12-03 00:56:30.494138 +0000 build-fedora42: output: + local ext=sh
2022-12-03 00:56:30.494242 +0000 build-fedora42: output: + '[' sh ']'
2022-12-03 00:56:30.494256 +0000 build-fedora42: output: + local dotext=.sh
2022-12-03 00:56:30.494263 +0000 build-fedora42: output: + [[ -z 00_prepare ]]
2022-12-03 00:56:30.494351 +0000 build-fedora42: output: + PARTS=(['full']='/builder/plugins/template_debian/00_prepare.sh' ['dir']='/builder/plugins/template_debian/' ['base']='00_prepare' ['ext']='sh' ['dotext']='.sh')
2022-12-03 00:56:30.494439 +0000 build-fedora42: output: + declare -A PARTS
2022-12-03 00:56:30.494453 +0000 build-fedora42: output: + setArrayAsGlobal PARTS path_parts
2022-12-03 00:56:30.494482 +0000 build-fedora42: output: + local array=PARTS
2022-12-03 00:56:30.494490 +0000 build-fedora42: output: + local export_as=path_parts
2022-12-03 00:56:30.494496 +0000 build-fedora42: output: + local code
2022-12-03 00:56:30.494508 +0000 build-fedora42: output: + local replaced
