2024-06-30 06:49:00.612390 +0000 > starting log
2024-06-30 06:49:00.612992 +0000 build-fedora42: > starting build with log
2024-06-30 06:49:08.276336 +0000 build-fedora42: copy-in (cmd): /usr/lib/qubes/qrexec-client-vm -- disp5947 qubesbuilder.FileCopyIn+-2Fbuilder-2Fplugins-2Fbuild_deb /usr/lib/qubes/qfile-agent /home/user/qubes-builderv2/qubesbuilder/plugins/build_deb
2024-06-30 06:49:08.478902 +0000 build-fedora42: copy-in (cmd): /usr/lib/qubes/qrexec-client-vm -- disp5947 qubesbuilder.FileCopyIn+-2Fbuilder-2Fplugins-2Fchroot_deb /usr/lib/qubes/qfile-agent /home/user/qubes-builderv2/qubesbuilder/plugins/chroot_deb
2024-06-30 06:49:08.626611 +0000 build-fedora42: copy-in (cmd): /usr/lib/qubes/qrexec-client-vm -- disp5947 qubesbuilder.FileCopyIn+-2Fbuilder-2Fplugins-2Ftemplate /usr/lib/qubes/qfile-agent /home/user/qubes-builderv2/qubesbuilder/plugins/template
2024-06-30 06:49:08.935539 +0000 build-fedora42: copy-in (cmd): /usr/lib/qubes/qrexec-client-vm -- disp5947 qubesbuilder.FileCopyIn+-2Fbuilder-2Fplugins-2Fsource_deb /usr/lib/qubes/qfile-agent /home/user/qubes-builderv2/qubesbuilder/plugins/source_deb
2024-06-30 06:49:09.187763 +0000 build-fedora42: copy-in (cmd): /usr/lib/qubes/qrexec-client-vm -- disp5947 qubesbuilder.FileCopyIn+-2Fbuilder-2Frepository-2Fvm--bookworm /usr/lib/qubes/qfile-agent /home/user/builder-r4.2-templates-itl/repository/vm-bookworm
2024-06-30 06:49:09.364589 +0000 build-fedora42: copy-in (cmd): /usr/lib/qubes/qrexec-client-vm -- disp5947 qubesbuilder.FileCopyIn+-2Fbuilder-2Fsources-2Fbuilder--debian /usr/lib/qubes/qfile-agent /home/user/builder-r4.2-templates-itl/sources/builder-debian
2024-06-30 06:49:09.846074 +0000 build-fedora42: Executing '/usr/bin/qvm-run-vm -- disp5947 env -- VERBOSE=1 DEBUG=1 BACKEND_VMM=xen DIST=bookworm DISTRIBUTION=debian DIST_CODENAME=bookworm DIST_NAME=debian DIST_VER=12 TEMPLATE_NAME=debian-12-minimal TEMPLATE_VERSION=4.2.0 TEMPLATE_FLAVOR=minimal 'TEMPLATE_OPTIONS=minimal no-recommends' INSTALL_DIR=/builder/mnt ARTIFACTS_DIR=/builder/build PLUGINS_DIR=/builder/plugins PACKAGES_DIR=/builder/repository DISCARD_PREPARED_IMAGE=1 BUILDER_TURBO_MODE=1 CACHE_DIR=/builder/cache/cache_bookworm RELEASE=4.2 TEMPLATE_SCRIPTS_DIR=/builder/plugins/template/scripts TEMPLATE_ROOT_SIZE=20G TEMPLATE_ROOT_WITH_PARTITIONS=1 USE_QUBES_REPO_VERSION=4.2 USE_QUBES_REPO_TESTING=1 TEMPLATE_CONTENT_DIR=/builder/sources/builder-debian/template_debian KEYS_DIR=/builder/plugins/chroot_deb/keys DEBIAN_MIRRORS= 'TEMPLATE_FLAVOR_DIR=+minimal:/builder/sources/builder-debian/template_debian/minimal +no-recommends:/builder/sources/builder-debian/template_debian/no-recommends' TEMPLATE_TIMESTAMP=202406300338 bash -c 'make -C /builder/plugins/template prepare build-rootimg''.
2024-06-30 06:49:09.961716 +0000 build-fedora42: output: make: Entering directory '/builder/plugins/template'
2024-06-30 06:49:09.977426 +0000 build-fedora42: output: Building template: debian-12-minimal (202406300338)
2024-06-30 06:49:09.977490 +0000 build-fedora42: output: mkdir -p /builder/build
2024-06-30 06:49:09.978461 +0000 build-fedora42: output: echo 202406300338 > /builder/build/build_timestamp_debian-12-minimal
2024-06-30 06:49:09.979947 +0000 build-fedora42: output: # Check that required env are defined
2024-06-30 06:49:09.981256 +0000 build-fedora42: output: sudo env -i DIST_CODENAME="bookworm" DIST_NAME="debian" DIST_VER="12" PLUGINS_DIR="/builder/plugins" ARTIFACTS_DIR="/builder/build" CACHE_DIR="/builder/cache/cache_bookworm" TEMPLATE_CONTENT_DIR="/builder/sources/builder-debian/template_debian" TEMPLATE_NAME="debian-12-minimal" TEMPLATE_VERSION="4.2.0" PACKAGES_DIR="/builder/repository" TEMPLATE_SCRIPTS_DIR="/builder/plugins/template/scripts" KEYS_DIR="/builder/plugins/chroot_deb/keys" TEMPLATE_FLAVOR="minimal" TEMPLATE_OPTIONS="minimal no-recommends" TEMPLATE_FLAVOR_DIR="+minimal:/builder/sources/builder-debian/template_debian/minimal +no-recommends:/builder/sources/builder-debian/template_debian/no-recommends" APPMENUS_DIR="" CONFIG_DIR="" TEMPLATE_CONF="/builder/build/template.conf" VERBOSE="1" DEBUG="1" PATH="/usr/local/bin:/usr/local/sbin:/usr/bin:/usr/sbin" DISCARD_PREPARED_IMAGE="1" TEMPLATE_ROOT_WITH_PARTITIONS="1" TEMPLATE_ROOT_SIZE="20G" USE_QUBES_REPO_VERSION="4.2" USE_QUBES_REPO_TESTING="1" BUILDER_TURBO_MODE="1" REPO_PROXY="" FEDORA_MIRROR="" CENTOS_MIRROR="" EPEL_MIRROR="" QUBES_MIRROR="" DEBIAN_MIRRORS="" GENTOO_MIRROR="" ARCHLINUX_MIRROR="" FLAVORS_DIR="" RELEASE="4.2" DIST="bookworm" DISTRIBUTION="debian" /builder/plugins/template/scripts/prepare-image /builder/build/prepared_images/debian-12-minimal.img /builder/mnt
2024-06-30 06:49:10.005995 +0000 build-fedora42: output: + IMG=/builder/build/prepared_images/debian-12-minimal.img
2024-06-30 06:49:10.006041 +0000 build-fedora42: output: ++ readlink -m /builder/mnt
2024-06-30 06:49:10.006190 +0000 build-fedora42: output: + INSTALL_DIR=/builder/mnt
2024-06-30 06:49:10.006401 +0000 build-fedora42: output: ++ dirname /builder/plugins/template/scripts/prepare-image
2024-06-30 06:49:10.007532 +0000 build-fedora42: output: + BUILDER_SCRIPTS_DIR=/builder/plugins/template/scripts
2024-06-30 06:49:10.007549 +0000 build-fedora42: output: + LC_ALL=POSIX
2024-06-30 06:49:10.007556 +0000 build-fedora42: output: + RETCODE=0
2024-06-30 06:49:10.007566 +0000 build-fedora42: output: + . /builder/plugins/template/scripts/builder-setup
2024-06-30 06:49:10.007577 +0000 build-fedora42: output: ++ REQUIRED_ENV=(DIST_CODENAME DIST_NAME DIST_VER PLUGINS_DIR ARTIFACTS_DIR CACHE_DIR TEMPLATE_CONTENT_DIR TEMPLATE_NAME TEMPLATE_SCRIPTS_DIR KEYS_DIR)
2024-06-30 06:49:10.007584 +0000 build-fedora42: output: ++ for var in "${REQUIRED_ENV[@]}"
2024-06-30 06:49:10.007590 +0000 build-fedora42: output: ++ '[' -z bookworm ']'
2024-06-30 06:49:10.007612 +0000 build-fedora42: output: ++ for var in "${REQUIRED_ENV[@]}"
2024-06-30 06:49:10.007621 +0000 build-fedora42: output: ++ '[' -z debian ']'
2024-06-30 06:49:10.007627 +0000 build-fedora42: output: ++ for var in "${REQUIRED_ENV[@]}"
2024-06-30 06:49:10.007633 +0000 build-fedora42: output: ++ '[' -z 12 ']'
2024-06-30 06:49:10.007639 +0000 build-fedora42: output: ++ for var in "${REQUIRED_ENV[@]}"
2024-06-30 06:49:10.007645 +0000 build-fedora42: output: ++ '[' -z /builder/plugins ']'
2024-06-30 06:49:10.007675 +0000 build-fedora42: output: ++ for var in "${REQUIRED_ENV[@]}"
2024-06-30 06:49:10.007698 +0000 build-fedora42: output: ++ '[' -z /builder/build ']'
2024-06-30 06:49:10.007734 +0000 build-fedora42: output: ++ for var in "${REQUIRED_ENV[@]}"
2024-06-30 06:49:10.007742 +0000 build-fedora42: output: ++ '[' -z /builder/cache/cache_bookworm ']'
2024-06-30 06:49:10.007748 +0000 build-fedora42: output: ++ for var in "${REQUIRED_ENV[@]}"
2024-06-30 06:49:10.007755 +0000 build-fedora42: output: ++ '[' -z /builder/sources/builder-debian/template_debian ']'
2024-06-30 06:49:10.007761 +0000 build-fedora42: output: ++ for var in "${REQUIRED_ENV[@]}"
2024-06-30 06:49:10.007768 +0000 build-fedora42: output: ++ '[' -z debian-12-minimal ']'
2024-06-30 06:49:10.007774 +0000 build-fedora42: output: ++ for var in "${REQUIRED_ENV[@]}"
2024-06-30 06:49:10.007783 +0000 build-fedora42: output: ++ '[' -z /builder/plugins/template/scripts ']'
2024-06-30 06:49:10.007789 +0000 build-fedora42: output: ++ for var in "${REQUIRED_ENV[@]}"
2024-06-30 06:49:10.007796 +0000 build-fedora42: output: ++ '[' -z /builder/plugins/chroot_deb/keys ']'
2024-06-30 06:49:10.007814 +0000 build-fedora42: output: +++ id -ur
2024-06-30 06:49:10.008263 +0000 build-fedora42: output: ++ [[ 0 != 0 ]]
2024-06-30 06:49:10.008365 +0000 build-fedora42: output: + . /builder/plugins/template/scripts/umount-kill
2024-06-30 06:49:10.008584 +0000 build-fedora42: output: ++ '[' 1 == 1 ']'
2024-06-30 06:49:10.008601 +0000 build-fedora42: output: ++ set -x
2024-06-30 06:49:10.008718 +0000 build-fedora42: output: +++ basename /builder/plugins/template/scripts/prepare-image
2024-06-30 06:49:10.009337 +0000 build-fedora42: output: ++ '[' prepare-image == umount-kill ']'
2024-06-30 06:49:10.009352 +0000 build-fedora42: output: + '[' 2 -ne 2 ']'
2024-06-30 06:49:10.009358 +0000 build-fedora42: output: + '[' -z 20G ']'
2024-06-30 06:49:10.009382 +0000 build-fedora42: output: + mkdir -p /builder/mnt /builder/cache/cache_bookworm /builder/repository /builder/build
2024-06-30 06:49:10.009973 +0000 build-fedora42: output: + export INSTALL_DIR LC_ALL IMG
2024-06-30 06:49:10.010509 +0000 build-fedora42: output: ++ df -T /dev
2024-06-30 06:49:10.010524 +0000 build-fedora42: output: ++ tail -1
2024-06-30 06:49:10.010752 +0000 build-fedora42: output: ++ cut -f 1 -d ' '
2024-06-30 06:49:10.012305 +0000 build-fedora42: output: + '[' devtmpfs = tmpfs ']'
2024-06-30 06:49:10.012459 +0000 build-fedora42: output: + DIST_TO_STR=bookworm+minimal
2024-06-30 06:49:10.012473 +0000 build-fedora42: output: + '[' 21 -gt 0 ']'
2024-06-30 06:49:10.012481 +0000 build-fedora42: output: + DIST_TO_STR='bookworm+minimal (options: minimal no-recommends)'
2024-06-30 06:49:10.012519 +0000 build-fedora42: output: + echo 'INFO: Preparing installation of bookworm+minimal (options: minimal no-recommends) template...'
2024-06-30 06:49:10.012530 +0000 build-fedora42: output: INFO: Preparing installation of bookworm+minimal (options: minimal no-recommends) template...
2024-06-30 06:49:10.012622 +0000 build-fedora42: output: + /builder/sources/builder-debian/template_debian/00_prepare.sh
2024-06-30 06:49:10.015541 +0000 build-fedora42: output: ++++ basename /builder/sources/builder-debian/template_debian/00_prepare.sh
2024-06-30 06:49:10.016791 +0000 build-fedora42: output: +++ '[' 00_prepare.sh == umount-kill ']'
2024-06-30 06:49:10.016835 +0000 build-fedora42: output: ++ output 'INFO: /builder/sources/builder-debian/template_debian/distribution.sh imported by: /builder/sources/builder-debian/template_debian/00_prepare.sh'
2024-06-30 06:49:10.016845 +0000 build-fedora42: output: ++ '[' 01 -ge 1 ']'
2024-06-30 06:49:10.016851 +0000 build-fedora42: output: ++ [[ -z '' ]]
2024-06-30 06:49:10.016857 +0000 build-fedora42: output: ++ [[ ehB != \e\h\x\B ]]
2024-06-30 06:49:10.016877 +0000 build-fedora42: output: + umount_all /builder/mnt
2024-06-30 06:49:10.016999 +0000 build-fedora42: output: + directory=/builder/mnt
2024-06-30 06:49:10.017013 +0000 build-fedora42: output: + '[' /builder/mnt == /builder/mnt ']'
2024-06-30 06:49:10.017020 +0000 build-fedora42: output: ++ mountPoints /builder/mnt
2024-06-30 06:49:10.017093 +0000 build-fedora42: output: ++ local mount_point
2024-06-30 06:49:10.017627 +0000 build-fedora42: output: +++ mountPoint /builder/mnt
2024-06-30 06:49:10.017640 +0000 build-fedora42: output: +++ local mount_point=/builder/mnt
2024-06-30 06:49:10.017719 +0000 build-fedora42: output: +++ [[ /builder/mnt == /* ]]
2024-06-30 06:49:10.017732 +0000 build-fedora42: output: +++ echo /builder/mnt
2024-06-30 06:49:10.017739 +0000 build-fedora42: output: +++ sed 's#//*#/#g'
2024-06-30 06:49:10.018434 +0000 build-fedora42: output: ++ mount_point=/builder/mnt
2024-06-30 06:49:10.020921 +0000 build-fedora42: output: +++ sudo grep /builder/mnt /proc/mounts
2024-06-30 06:49:10.020946 +0000 build-fedora42: output: +++ cut -f2 '-d '
2024-06-30 06:49:10.020953 +0000 build-fedora42: output: +++ sort -r
2024-06-30 06:49:10.020978 +0000 build-fedora42: output: +++ grep '^/builder/mnt'
2024-06-30 06:49:10.020985 +0000 build-fedora42: output: +++ uniq
2024-06-30 06:49:10.038904 +0000 build-fedora42: output: ++ echo ''
2024-06-30 06:49:10.039101 +0000 build-fedora42: output: + '[' -n '' ']'
2024-06-30 06:49:10.039125 +0000 build-fedora42: output: + umount_kill /builder/mnt
2024-06-30 06:49:10.039174 +0000 build-fedora42: output: + '[' 01 -le 2 ']'
2024-06-30 06:49:10.039182 +0000 build-fedora42: output: + test -o xtrace
2024-06-30 06:49:10.039191 +0000 build-fedora42: output: + true 'umount_kill: Disabling xtrace, because variable VERBOSE (1) is lower than or equal 2...'
2024-06-30 06:49:10.039197 +0000 build-fedora42: output: + set +x
2024-06-30 06:49:10.069638 +0000 build-fedora42: output: INFO: Attempting to kill any processes still running in '/builder/mnt' before un-mounting
2024-06-30 06:49:10.091804 +0000 build-fedora42: output: + true 'umount_kill: Restoring xtrace...'
2024-06-30 06:49:10.091849 +0000 build-fedora42: output: + buildStep /builder/sources/builder-debian/template_debian/00_prepare.sh pre
2024-06-30 06:49:10.091992 +0000 build-fedora42: output: + local filename=/builder/sources/builder-debian/template_debian/00_prepare.sh
2024-06-30 06:49:10.092005 +0000 build-fedora42: output: + local suffix=pre
2024-06-30 06:49:10.092013 +0000 build-fedora42: output: + unset build_step_files
2024-06-30 06:49:10.092021 +0000 build-fedora42: output: + info 'Locating buildStep files: 00_prepare.sh suffix: pre'
2024-06-30 06:49:10.092028 +0000 build-fedora42: output: + output 'INFO: Locating buildStep files: 00_prepare.sh suffix: pre'
2024-06-30 06:49:10.092035 +0000 build-fedora42: output: + '[' 01 -ge 1 ']'
2024-06-30 06:49:10.092040 +0000 build-fedora42: output: + [[ -z '' ]]
2024-06-30 06:49:10.092158 +0000 build-fedora42: output: + [[ ehB != \e\h\x\B ]]
2024-06-30 06:49:10.092184 +0000 build-fedora42: output: + getFileLocations build_step_files /builder/sources/builder-debian/template_debian/00_prepare.sh pre
2024-06-30 06:49:10.092194 +0000 build-fedora42: output: + local return_global_var=build_step_files
2024-06-30 06:49:10.092202 +0000 build-fedora42: output: + local filename=/builder/sources/builder-debian/template_debian/00_prepare.sh
2024-06-30 06:49:10.092208 +0000 build-fedora42: output: + local suffix=pre
2024-06-30 06:49:10.092566 +0000 build-fedora42: output: + local function=templateFile
2024-06-30 06:49:10.092582 +0000 build-fedora42: output: + unset GLOBAL_CACHE
2024-06-30 06:49:10.092601 +0000 build-fedora42: output: + declare -gA GLOBAL_CACHE
2024-06-30 06:49:10.092612 +0000 build-fedora42: output: + callTemplateFunction /builder/sources/builder-debian/template_debian/00_prepare.sh pre templateFile
2024-06-30 06:49:10.092621 +0000 build-fedora42: output: + local calling_script=/builder/sources/builder-debian/template_debian/00_prepare.sh
2024-06-30 06:49:10.092663 +0000 build-fedora42: output: + local calling_arg=pre
2024-06-30 06:49:10.092671 +0000 build-fedora42: output: + local functionExec=templateFile
2024-06-30 06:49:10.092802 +0000 build-fedora42: output: + local template_flavor=minimal
2024-06-30 06:49:10.092815 +0000 build-fedora42: output: + local template_options
2024-06-30 06:49:10.092824 +0000 build-fedora42: output: + templateFile /builder/sources/builder-debian/template_debian/00_prepare.sh pre minimal
2024-06-30 06:49:10.092838 +0000 build-fedora42: output: + local file=/builder/sources/builder-debian/template_debian/00_prepare.sh
2024-06-30 06:49:10.092844 +0000 build-fedora42: output: + local suffix=pre
2024-06-30 06:49:10.092852 +0000 build-fedora42: output: + local template_flavor=minimal
2024-06-30 06:49:10.092858 +0000 build-fedora42: output: + local template_dirs
2024-06-30 06:49:10.092958 +0000 build-fedora42: output: ++ templateDirs minimal
2024-06-30 06:49:10.092971 +0000 build-fedora42: output: ++ local template_flavor=minimal
2024-06-30 06:49:10.092978 +0000 build-fedora42: output: ++ local template_flavor_prefix
2024-06-30 06:49:10.092984 +0000 build-fedora42: output: ++ local template_flavor_dir
2024-06-30 06:49:10.092990 +0000 build-fedora42: output: ++ local match=0
2024-06-30 06:49:10.093013 +0000 build-fedora42: output: ++ read -r -a template_flavor_dir
2024-06-30 06:49:10.093021 +0000 build-fedora42: output: ++ for element in "${template_flavor_dir[@]}"
2024-06-30 06:49:10.093027 +0000 build-fedora42: output: +++ templateName minimal
2024-06-30 06:49:10.093033 +0000 build-fedora42: output: +++ local template_flavor=minimal
2024-06-30 06:49:10.093115 +0000 build-fedora42: output: +++ local template_name
2024-06-30 06:49:10.093127 +0000 build-fedora42: output: +++ local template_options
2024-06-30 06:49:10.093133 +0000 build-fedora42: output: +++ local template_label
2024-06-30 06:49:10.093139 +0000 build-fedora42: output: +++ local template_options_concatenated
2024-06-30 06:49:10.093145 +0000 build-fedora42: output: +++ retval=1
2024-06-30 06:49:10.093151 +0000 build-fedora42: output: +++ read -r -a template_options
2024-06-30 06:49:10.093157 +0000 build-fedora42: output: +++ '[' -n minimal ']'
2024-06-30 06:49:10.093164 +0000 build-fedora42: output: +++ template_options_concatenated=
2024-06-30 06:49:10.093721 +0000 build-fedora42: output: ++++ templateFlavorPrefix minimal
2024-06-30 06:49:10.093735 +0000 build-fedora42: output: ++++ local template_flavor=minimal
2024-06-30 06:49:10.093799 +0000 build-fedora42: output: ++++ local template_flavor_prefix
2024-06-30 06:49:10.093807 +0000 build-fedora42: output: ++++ read -r -a template_flavor_prefix
2024-06-30 06:49:10.093813 +0000 build-fedora42: output: ++++ '[' minimal == + ']'
2024-06-30 06:49:10.093819 +0000 build-fedora42: output: ++++ echo bookworm+
2024-06-30 06:49:10.093825 +0000 build-fedora42: output: +++ template_name=bookworm+minimal
2024-06-30 06:49:10.093846 +0000 build-fedora42: output: +++ read -r -a template_label
2024-06-30 06:49:10.093932 +0000 build-fedora42: output: ++++ templateNameFixLength bookworm+minimal
2024-06-30 06:49:10.093946 +0000 build-fedora42: output: ++++ local template_name=bookworm+minimal
2024-06-30 06:49:10.093953 +0000 build-fedora42: output: ++++ local temp_name
2024-06-30 06:49:10.093959 +0000 build-fedora42: output: ++++ read -r -a temp_name
2024-06-30 06:49:10.093965 +0000 build-fedora42: output: ++++ local index=1
2024-06-30 06:49:10.093985 +0000 build-fedora42: output: ++++ '[' 16 -ge 32 ']'
2024-06-30 06:49:10.093992 +0000 build-fedora42: output: ++++ echo bookworm+minimal
2024-06-30 06:49:10.094081 +0000 build-fedora42: output: +++ echo bookworm+minimal
2024-06-30 06:49:10.094093 +0000 build-fedora42: output: +++ return 1
2024-06-30 06:49:10.094160 +0000 build-fedora42: output: ++ '[' +minimal == bookworm+minimal ']'
2024-06-30 06:49:10.094262 +0000 build-fedora42: output: ++ '[' + == + ']'
2024-06-30 06:49:10.094285 +0000 build-fedora42: output: ++ '[' +minimal == +minimal ']'
2024-06-30 06:49:10.094358 +0000 build-fedora42: output: ++ eval echo -e /builder/sources/builder-debian/template_debian/minimal
2024-06-30 06:49:10.094373 +0000 build-fedora42: output: +++ echo -e /builder/sources/builder-debian/template_debian/minimal
2024-06-30 06:49:10.094380 +0000 build-fedora42: output: ++ match=1
2024-06-30 06:49:10.094628 +0000 build-fedora42: output: ++ for element in "${template_flavor_dir[@]}"
2024-06-30 06:49:10.094746 +0000 build-fedora42: output: +++ templateName minimal
2024-06-30 06:49:10.094820 +0000 build-fedora42: output: +++ local template_flavor=minimal
2024-06-30 06:49:10.094832 +0000 build-fedora42: output: +++ local template_name
2024-06-30 06:49:10.094838 +0000 build-fedora42: output: +++ local template_options
2024-06-30 06:49:10.094844 +0000 build-fedora42: output: +++ local template_label
2024-06-30 06:49:10.094919 +0000 build-fedora42: output: +++ local template_options_concatenated
2024-06-30 06:49:10.094930 +0000 build-fedora42: output: +++ retval=1
2024-06-30 06:49:10.094938 +0000 build-fedora42: output: +++ read -r -a template_options
2024-06-30 06:49:10.094944 +0000 build-fedora42: output: +++ '[' -n minimal ']'
2024-06-30 06:49:10.094950 +0000 build-fedora42: output: +++ template_options_concatenated=
2024-06-30 06:49:10.095268 +0000 build-fedora42: output: ++++ templateFlavorPrefix minimal
2024-06-30 06:49:10.095289 +0000 build-fedora42: output: ++++ local template_flavor=minimal
2024-06-30 06:49:10.095314 +0000 build-fedora42: output: ++++ local template_flavor_prefix
2024-06-30 06:49:10.095321 +0000 build-fedora42: output: ++++ read -r -a template_flavor_prefix
2024-06-30 06:49:10.095411 +0000 build-fedora42: output: ++++ '[' minimal == + ']'
2024-06-30 06:49:10.095423 +0000 build-fedora42: output: ++++ echo bookworm+
2024-06-30 06:49:10.095431 +0000 build-fedora42: output: +++ template_name=bookworm+minimal
2024-06-30 06:49:10.095437 +0000 build-fedora42: output: +++ read -r -a template_label
2024-06-30 06:49:10.095574 +0000 build-fedora42: output: ++++ templateNameFixLength bookworm+minimal
2024-06-30 06:49:10.095670 +0000 build-fedora42: output: ++++ local template_name=bookworm+minimal
2024-06-30 06:49:10.095685 +0000 build-fedora42: output: ++++ local temp_name
2024-06-30 06:49:10.095693 +0000 build-fedora42: output: ++++ read -r -a temp_name
2024-06-30 06:49:10.095699 +0000 build-fedora42: output: ++++ local index=1
2024-06-30 06:49:10.095704 +0000 build-fedora42: output: ++++ '[' 16 -ge 32 ']'
2024-06-30 06:49:10.095710 +0000 build-fedora42: output: ++++ echo bookworm+minimal
2024-06-30 06:49:10.095734 +0000 build-fedora42: output: +++ echo bookworm+minimal
2024-06-30 06:49:10.095740 +0000 build-fedora42: output: +++ return 1
2024-06-30 06:49:10.095872 +0000 build-fedora42: output: ++ '[' +no-recommends == bookworm+minimal ']'
2024-06-30 06:49:10.095968 +0000 build-fedora42: output: ++ '[' + == + ']'
2024-06-30 06:49:10.096127 +0000 build-fedora42: output: ++ '[' +no-recommends == +minimal ']'
2024-06-30 06:49:10.096141 +0000 build-fedora42: output: ++ '[' + == '*' ']'
2024-06-30 06:49:10.096147 +0000 build-fedora42: output: ++ '[' 1 -eq 1 ']'
2024-06-30 06:49:10.096153 +0000 build-fedora42: output: ++ return
2024-06-30 06:49:10.096160 +0000 build-fedora42: output: + template_dirs=/builder/sources/builder-debian/template_debian/minimal
2024-06-30 06:49:10.096314 +0000 build-fedora42: output: + splitPath /builder/sources/builder-debian/template_debian/00_prepare.sh path_parts
2024-06-30 06:49:10.096331 +0000 build-fedora42: output: + local return_global_var=path_parts
2024-06-30 06:49:10.096338 +0000 build-fedora42: output: + local filename=00_prepare.sh
2024-06-30 06:49:10.096361 +0000 build-fedora42: output: + local dir=/builder/sources/builder-debian/template_debian/
2024-06-30 06:49:10.096478 +0000 build-fedora42: output: + local base=00_prepare
2024-06-30 06:49:10.096492 +0000 build-fedora42: output: + local ext=sh
2024-06-30 06:49:10.096498 +0000 build-fedora42: output: + '[' sh ']'
2024-06-30 06:49:10.096504 +0000 build-fedora42: output: + local dotext=.sh
2024-06-30 06:49:10.096509 +0000 build-fedora42: output: + [[ -z 00_prepare ]]
2024-06-30 06:49:10.096521 +0000 build-fedora42: output: + PARTS=(['full']='/builder/sources/builder-debian/template_debian/00_prepare.sh' ['dir']='/builder/sources/builder-debian/template_debian/' ['base']='00_prepare' ['ext']='sh' ['dotext']='.sh')
2024-06-30 06:49:10.096634 +0000 build-fedora42: output: + declare -A PARTS
2024-06-30 06:49:10.096646 +0000 build-fedora42: output: + setArrayAsGlobal PARTS path_parts
2024-06-30 06:49:10.096654 +0000 build-fedora42: output: + local array=PARTS
2024-06-30 06:49:10.096660 +0000 build-fedora42: output: + local export_as=path_parts
2024-06-30 06:49:10.096666 +0000 build-fedora42: output: + local code
2024-06-30 06:49:10.096671 +0000 build-fedora42: output: + local replaced
2024-06-30 06:49:10.096677 +0000 build-fedora42: output: ++ declare -p PARTS
2024-06-30 06:49:10.096783 +0000 build-fedora42: output: + code='declare -A PARTS=([dotext]=".sh" [base]="00_prepare" [dir]="/builder/sources/builder-debian/template_debian/" [ext]="sh" [full]="/builder/sources/builder-debian/template_debian/00_prepare.sh" )'
2024-06-30 06:49:10.096801 +0000 build-fedora42: output: + replaced='declare -A path_parts=([dotext]=".sh" [base]="00_prepare" [dir]="/builder/sources/builder-debian/template_debian/" [ext]="sh" [full]="/builder/sources/builder-debian/template_debian/00_prepare.sh" )'
2024-06-30 06:49:10.096820 +0000 build-fedora42: output: + eval 'declare -gA path_parts=([dotext]=".sh" [base]="00_prepare" [dir]="/builder/sources/builder-debian/template_debian/" [ext]="sh" [full]="/builder/sources/builder-debian/template_debian/00_prepare.sh" )'
2024-06-30 06:49:10.096831 +0000 build-fedora42: output: ++ path_parts=(['dotext']='.sh' ['base']='00_prepare' ['dir']='/builder/sources/builder-debian/template_debian/' ['ext']='sh' ['full']='/builder/sources/builder-debian/template_debian/00_prepare.sh')
2024-06-30 06:49:10.096838 +0000 build-fedora42: output: ++ declare -gA path_parts
2024-06-30 06:49:10.096939 +0000 build-fedora42: output: + for template_dir in "${template_dirs[@]}"
2024-06-30 06:49:10.096950 +0000 build-fedora42: output: + '[' -z minimal ']'
2024-06-30 06:49:10.096956 +0000 build-fedora42: output: + '[' -n pre ']'
2024-06-30 06:49:10.096964 +0000 build-fedora42: output: + exists /builder/sources/builder-debian/template_debian/minimal/minimal/00_prepare_pre.sh
2024-06-30 06:49:10.096972 +0000 build-fedora42: output: + filename=/builder/sources/builder-debian/template_debian/minimal/minimal/00_prepare_pre.sh
2024-06-30 06:49:10.096980 +0000 build-fedora42: output: + '[' -e /builder/sources/builder-debian/template_debian/minimal/minimal/00_prepare_pre.sh ']'
2024-06-30 06:49:10.096985 +0000 build-fedora42: output: + return 1
2024-06-30 06:49:10.096991 +0000 build-fedora42: output: + true
2024-06-30 06:49:10.097067 +0000 build-fedora42: output: + exists /builder/sources/builder-debian/template_debian/minimal/minimal/00_prepare_pre.sh
2024-06-30 06:49:10.097081 +0000 build-fedora42: output: + filename=/builder/sources/builder-debian/template_debian/minimal/minimal/00_prepare_pre.sh
2024-06-30 06:49:10.097090 +0000 build-fedora42: output: + '[' -e /builder/sources/builder-debian/template_debian/minimal/minimal/00_prepare_pre.sh ']'
2024-06-30 06:49:10.097096 +0000 build-fedora42: output: + return 1
2024-06-30 06:49:10.097394 +0000 build-fedora42: output: + true
2024-06-30 06:49:10.097408 +0000 build-fedora42: output: + exists /builder/sources/builder-debian/template_debian/minimal/00_prepare_pre.sh
2024-06-30 06:49:10.097485 +0000 build-fedora42: output: + filename=/builder/sources/builder-debian/template_debian/minimal/00_prepare_pre.sh
2024-06-30 06:49:10.097501 +0000 build-fedora42: output: + '[' -e /builder/sources/builder-debian/template_debian/minimal/00_prepare_pre.sh ']'
2024-06-30 06:49:10.097508 +0000 build-fedora42: output: + return 1
2024-06-30 06:49:10.097514 +0000 build-fedora42: output: + true
2024-06-30 06:49:10.097538 +0000 build-fedora42: output: + exists /builder/sources/builder-debian/template_debian/minimal/00_prepare_pre_minimal.sh
2024-06-30 06:49:10.097556 +0000 build-fedora42: output: + filename=/builder/sources/builder-debian/template_debian/minimal/00_prepare_pre_minimal.sh
2024-06-30 06:49:10.097564 +0000 build-fedora42: output: + '[' -e /builder/sources/builder-debian/template_debian/minimal/00_prepare_pre_minimal.sh ']'
2024-06-30 06:49:10.097642 +0000 build-fedora42: output: + return 1
2024-06-30 06:49:10.097653 +0000 build-fedora42: output: + true
2024-06-30 06:49:10.097661 +0000 build-fedora42: output: + exists /builder/sources/builder-debian/template_debian/00_prepare_pre_minimal.sh
2024-06-30 06:49:10.097669 +0000 build-fedora42: output: + filename=/builder/sources/builder-debian/template_debian/00_prepare_pre_minimal.sh
2024-06-30 06:49:10.097677 +0000 build-fedora42: output: + '[' -e /builder/sources/builder-debian/template_debian/00_prepare_pre_minimal.sh ']'
2024-06-30 06:49:10.097747 +0000 build-fedora42: output: + return 1
2024-06-30 06:49:10.097758 +0000 build-fedora42: output: + true
2024-06-30 06:49:10.097767 +0000 build-fedora42: output: + templateFile /builder/sources/builder-debian/template_debian/00_prepare.sh pre +
2024-06-30 06:49:10.097779 +0000 build-fedora42: output: + local file=/builder/sources/builder-debian/template_debian/00_prepare.sh
2024-06-30 06:49:10.097785 +0000 build-fedora42: output: + local suffix=pre
2024-06-30 06:49:10.097791 +0000 build-fedora42: output: + local template_flavor=+
2024-06-30 06:49:10.097867 +0000 build-fedora42: output: + local template_dirs
2024-06-30 06:49:10.097881 +0000 build-fedora42: output: ++ templateDirs +
2024-06-30 06:49:10.097887 +0000 build-fedora42: output: ++ local template_flavor=+
2024-06-30 06:49:10.097894 +0000 build-fedora42: output: ++ local template_flavor_prefix
2024-06-30 06:49:10.097900 +0000 build-fedora42: output: ++ local template_flavor_dir
2024-06-30 06:49:10.097905 +0000 build-fedora42: output: ++ local match=0
2024-06-30 06:49:10.097911 +0000 build-fedora42: output: ++ read -r -a template_flavor_dir
2024-06-30 06:49:10.098127 +0000 build-fedora42: output: ++ for element in "${template_flavor_dir[@]}"
2024-06-30 06:49:10.098242 +0000 build-fedora42: output: +++ templateName +
2024-06-30 06:49:10.098255 +0000 build-fedora42: output: +++ local template_flavor=+
2024-06-30 06:49:10.098261 +0000 build-fedora42: output: +++ local template_name
2024-06-30 06:49:10.098267 +0000 build-fedora42: output: +++ local template_options
2024-06-30 06:49:10.098273 +0000 build-fedora42: output: +++ local template_label
2024-06-30 06:49:10.098364 +0000 build-fedora42: output: +++ local template_options_concatenated
2024-06-30 06:49:10.098378 +0000 build-fedora42: output: +++ retval=1
2024-06-30 06:49:10.098385 +0000 build-fedora42: output: +++ read -r -a template_options
2024-06-30 06:49:10.098393 +0000 build-fedora42: output: +++ '[' -n + ']'
2024-06-30 06:49:10.098400 +0000 build-fedora42: output: +++ template_options_concatenated=
2024-06-30 06:49:10.098406 +0000 build-fedora42: output: ++++ templateFlavorPrefix +
2024-06-30 06:49:10.098412 +0000 build-fedora42: output: ++++ local template_flavor=+
2024-06-30 06:49:10.098435 +0000 build-fedora42: output: ++++ local template_flavor_prefix
2024-06-30 06:49:10.098470 +0000 build-fedora42: output: ++++ read -r -a template_flavor_prefix
2024-06-30 06:49:10.098476 +0000 build-fedora42: output: ++++ '[' + == + ']'
2024-06-30 06:49:10.098482 +0000 build-fedora42: output: ++++ echo bookworm
2024-06-30 06:49:10.098489 +0000 build-fedora42: output: +++ template_name=bookworm+
2024-06-30 06:49:10.098496 +0000 build-fedora42: output: +++ read -r -a template_label
2024-06-30 06:49:10.098794 +0000 build-fedora42: output: ++++ templateNameFixLength bookworm+
2024-06-30 06:49:10.098807 +0000 build-fedora42: output: ++++ local template_name=bookworm+
2024-06-30 06:49:10.098888 +0000 build-fedora42: output: ++++ local temp_name
2024-06-30 06:49:10.098901 +0000 build-fedora42: output: ++++ read -r -a temp_name
2024-06-30 06:49:10.099071 +0000 build-fedora42: output: ++++ local index=0
2024-06-30 06:49:10.099144 +0000 build-fedora42: output: ++++ '[' 9 -ge 32 ']'
2024-06-30 06:49:10.099155 +0000 build-fedora42: output: ++++ echo bookworm+
2024-06-30 06:49:10.099161 +0000 build-fedora42: output: +++ echo bookworm+
2024-06-30 06:49:10.099167 +0000 build-fedora42: output: +++ return 1
2024-06-30 06:49:10.099807 +0000 build-fedora42: output: ++ '[' +minimal == bookworm+ ']'
2024-06-30 06:49:10.099914 +0000 build-fedora42: output: ++ '[' + == + ']'
2024-06-30 06:49:10.099929 +0000 build-fedora42: output: ++ '[' +minimal == ++ ']'
2024-06-30 06:49:10.099936 +0000 build-fedora42: output: ++ '[' + == '*' ']'
2024-06-30 06:49:10.099942 +0000 build-fedora42: output: ++ for element in "${template_flavor_dir[@]}"
2024-06-30 06:49:10.099950 +0000 build-fedora42: output: +++ templateName +
2024-06-30 06:49:10.099957 +0000 build-fedora42: output: +++ local template_flavor=+
2024-06-30 06:49:10.099962 +0000 build-fedora42: output: +++ local template_name
2024-06-30 06:49:10.099984 +0000 build-fedora42: output: +++ local template_options
2024-06-30 06:49:10.099996 +0000 build-fedora42: output: +++ local template_label
2024-06-30 06:49:10.100003 +0000 build-fedora42: output: +++ local template_options_concatenated
2024-06-30 06:49:10.100009 +0000 build-fedora42: output: +++ retval=1
2024-06-30 06:49:10.100015 +0000 build-fedora42: output: +++ read -r -a template_options
2024-06-30 06:49:10.100092 +0000 build-fedora42: output: +++ '[' -n + ']'
2024-06-30 06:49:10.100104 +0000 build-fedora42: output: +++ template_options_concatenated=
2024-06-30 06:49:10.100111 +0000 build-fedora42: output: ++++ templateFlavorPrefix +
2024-06-30 06:49:10.100117 +0000 build-fedora42: output: ++++ local template_flavor=+
2024-06-30 06:49:10.100123 +0000 build-fedora42: output: ++++ local template_flavor_prefix
2024-06-30 06:49:10.100129 +0000 build-fedora42: output: ++++ read -r -a template_flavor_prefix
2024-06-30 06:49:10.100216 +0000 build-fedora42: output: ++++ '[' + == + ']'
2024-06-30 06:49:10.100228 +0000 build-fedora42: output: ++++ echo bookworm
2024-06-30 06:49:10.100299 +0000 build-fedora42: output: +++ template_name=bookworm+
2024-06-30 06:49:10.100310 +0000 build-fedora42: output: +++ read -r -a template_label
2024-06-30 06:49:10.100317 +0000 build-fedora42: output: ++++ templateNameFixLength bookworm+
2024-06-30 06:49:10.100323 +0000 build-fedora42: output: ++++ local template_name=bookworm+
2024-06-30 06:49:10.100388 +0000 build-fedora42: output: ++++ local temp_name
2024-06-30 06:49:10.100400 +0000 build-fedora42: output: ++++ read -r -a temp_name
2024-06-30 06:49:10.100407 +0000 build-fedora42: output: ++++ local index=0
2024-06-30 06:49:10.100413 +0000 build-fedora42: output: ++++ '[' 9 -ge 32 ']'
2024-06-30 06:49:10.100419 +0000 build-fedora42: output: ++++ echo bookworm+
2024-06-30 06:49:10.100634 +0000 build-fedora42: output: +++ echo bookworm+
2024-06-30 06:49:10.100649 +0000 build-fedora42: output: +++ return 1
2024-06-30 06:49:10.100741 +0000 build-fedora42: output: ++ '[' +no-recommends == bookworm+ ']'
2024-06-30 06:49:10.100755 +0000 build-fedora42: output: ++ '[' + == + ']'
2024-06-30 06:49:10.100762 +0000 build-fedora42: output: ++ '[' +no-recommends == ++ ']'
2024-06-30 06:49:10.100768 +0000 build-fedora42: output: ++ '[' + == '*' ']'
2024-06-30 06:49:10.100776 +0000 build-fedora42: output: ++ '[' 0 -eq 1 ']'
2024-06-30 06:49:10.100797 +0000 build-fedora42: output: +++ templateFlavorPrefix +
2024-06-30 06:49:10.100878 +0000 build-fedora42: output: +++ local template_flavor=+
2024-06-30 06:49:10.100890 +0000 build-fedora42: output: +++ local template_flavor_prefix
2024-06-30 06:49:10.100958 +0000 build-fedora42: output: +++ read -r -a template_flavor_prefix
2024-06-30 06:49:10.100970 +0000 build-fedora42: output: +++ '[' + == + ']'
2024-06-30 06:49:10.100977 +0000 build-fedora42: output: +++ echo bookworm
2024-06-30 06:49:10.101043 +0000 build-fedora42: output: ++ template_flavor_prefix=bookworm
2024-06-30 06:49:10.101055 +0000 build-fedora42: output: ++ '[' -n + ']'
2024-06-30 06:49:10.101121 +0000 build-fedora42: output: ++ '[' + == + ']'
2024-06-30 06:49:10.101134 +0000 build-fedora42: output: ++ local dir=/builder/sources/builder-debian/template_debian/bookworm
2024-06-30 06:49:10.101143 +0000 build-fedora42: output: ++ echo /builder/sources/builder-debian/template_debian/bookworm
2024-06-30 06:49:10.101268 +0000 build-fedora42: output: + template_dirs=/builder/sources/builder-debian/template_debian/bookworm
2024-06-30 06:49:10.101392 +0000 build-fedora42: output: + splitPath /builder/sources/builder-debian/template_debian/00_prepare.sh path_parts
2024-06-30 06:49:10.101409 +0000 build-fedora42: output: + local return_global_var=path_parts
2024-06-30 06:49:10.101415 +0000 build-fedora42: output: + local filename=00_prepare.sh
2024-06-30 06:49:10.101422 +0000 build-fedora42: output: + local dir=/builder/sources/builder-debian/template_debian/
2024-06-30 06:49:10.101428 +0000 build-fedora42: output: + local base=00_prepare
2024-06-30 06:49:10.101434 +0000 build-fedora42: output: + local ext=sh
2024-06-30 06:49:10.101444 +0000 build-fedora42: output: + '[' sh ']'
2024-06-30 06:49:10.101465 +0000 build-fedora42: output: + local dotext=.sh
2024-06-30 06:49:10.101577 +0000 build-fedora42: output: + [[ -z 00_prepare ]]
2024-06-30 06:49:10.101595 +0000 build-fedora42: output: + PARTS=(['full']='/builder/sources/builder-debian/template_debian/00_prepare.sh' ['dir']='/builder/sources/builder-debian/template_debian/' ['base']='00_prepare' ['ext']='sh' ['dotext']='.sh')
2024-06-30 06:49:10.101602 +0000 build-fedora42: output: + declare -A PARTS
2024-06-30 06:49:10.101609 +0000 build-fedora42: output: + setArrayAsGlobal PARTS path_parts
2024-06-30 06:49:10.101615 +0000 build-fedora42: output: + local array=PARTS
2024-06-30 06:49:10.101621 +0000 build-fedora42: output: + local export_as=path_parts
2024-06-30 06:49:10.101626 +0000 build-fedora42: output: + local code
2024-06-30 06:49:10.101632 +0000 build-fedora42: output: + local replaced
2024-06-30 06:49:10.101718 +0000 build-fedora42: output: ++ declare -p PARTS
2024-06-30 06:49:10.101735 +0000 build-fedora42: output: + code='declare -A PARTS=([dotext]=".sh" [base]="00_prepare" [dir]="/builder/sources/builder-debian/template_debian/" [ext]="sh" [full]="/builder/sources/builder-debian/template_debian/00_prepare.sh" )'
2024-06-30 06:49:10.101813 +0000 build-fedora42: output: + replaced='declare -A path_parts=([dotext]=".sh" [base]="00_prepare" [dir]="/builder/sources/builder-debian/template_debian/" [ext]="sh" [full]="/builder/sources/builder-debian/template_debian/00_prepare.sh" )'
2024-06-30 06:49:10.101831 +0000 build-fedora42: output: + eval 'declare -gA path_parts=([dotext]=".sh" [base]="00_prepare" [dir]="/builder/sources/builder-debian/template_debian/" [ext]="sh" [full]="/builder/sources/builder-debian/template_debian/00_prepare.sh" )'
2024-06-30 06:49:10.101843 +0000 build-fedora42: output: ++ path_parts=(['dotext']='.sh' ['base']='00_prepare' ['dir']='/builder/sources/builder-debian/template_debian/' ['ext']='sh' ['full']='/builder/sources/builder-debian/template_debian/00_prepare.sh')
2024-06-30 06:49:10.101849 +0000 build-fedora42: output: ++ declare -gA path_parts
2024-06-30 06:49:10.101986 +0000 build-fedora42: output: + for template_dir in "${template_dirs[@]}"
2024-06-30 06:49:10.102078 +0000 build-fedora42: output: + '[' -z + ']'
2024-06-30 06:49:10.102089 +0000 build-fedora42: output: + '[' -n pre ']'
2024-06-30 06:49:10.102098 +0000 build-fedora42: output: + exists /builder/sources/builder-debian/template_debian/bookworm/+/00_prepare_pre.sh
2024-06-30 06:49:10.102106 +0000 build-fedora42: output: + filename=/builder/sources/builder-debian/template_debian/bookworm/+/00_prepare_pre.sh
2024-06-30 06:49:10.102114 +0000 build-fedora42: output: + '[' -e /builder/sources/builder-debian/template_debian/bookworm/+/00_prepare_pre.sh ']'
2024-06-30 06:49:10.102215 +0000 build-fedora42: output: + return 1
2024-06-30 06:49:10.102227 +0000 build-fedora42: output: + true
2024-06-30 06:49:10.102236 +0000 build-fedora42: output: + exists /builder/sources/builder-debian/template_debian/bookworm/+/00_prepare_pre.sh
2024-06-30 06:49:10.102244 +0000 build-fedora42: output: + filename=/builder/sources/builder-debian/template_debian/bookworm/+/00_prepare_pre.sh
2024-06-30 06:49:10.102252 +0000 build-fedora42: output: + '[' -e /builder/sources/builder-debian/template_debian/bookworm/+/00_prepare_pre.sh ']'
2024-06-30 06:49:10.102257 +0000 build-fedora42: output: + return 1
2024-06-30 06:49:10.102262 +0000 build-fedora42: output: + true
2024-06-30 06:49:10.102385 +0000 build-fedora42: output: + exists /builder/sources/builder-debian/template_debian/bookworm/00_prepare_pre.sh
2024-06-30 06:49:10.102399 +0000 build-fedora42: output: + filename=/builder/sources/builder-debian/template_debian/bookworm/00_prepare_pre.sh
2024-06-30 06:49:10.102406 +0000 build-fedora42: output: + '[' -e /builder/sources/builder-debian/template_debian/bookworm/00_prepare_pre.sh ']'
2024-06-30 06:49:10.102412 +0000 build-fedora42: output: + return 1
2024-06-30 06:49:10.102421 +0000 build-fedora42: output: + true
2024-06-30 06:49:10.102429 +0000 build-fedora42: output: + exists /builder/sources/builder-debian/template_debian/bookworm/00_prepare_pre_+.sh
