2023-07-21 13:49:45.352725 +0000 > starting log
2023-07-21 13:49:45.352938 +0000 build-fedora42: > starting build with log
2023-07-21 13:50:02.780218 +0000 build-fedora42: copy-in (cmd): /usr/bin/qvm-run-vm disp6414 bash -c 'rm -rf /builder/incoming/template /builder/plugins/template'
2023-07-21 13:50:02.993799 +0000 build-fedora42: copy-in (cmd): /usr/lib/qubes/qrexec-client-vm disp6414 qubesbuilder.FileCopyIn /usr/lib/qubes/qfile-agent /home/user/qubes-builderv2/qubesbuilder/plugins/template
2023-07-21 13:50:03.295956 +0000 build-fedora42: copy-in (cmd): /usr/bin/qvm-run-vm disp6414 bash -c 'mkdir -p /builder/plugins && mv /builder/incoming/template /builder/plugins'
2023-07-21 13:50:03.588233 +0000 build-fedora42: copy-in (cmd): /usr/bin/qvm-run-vm disp6414 bash -c 'rm -rf /builder/incoming/vm-bookworm /builder/repository/vm-bookworm'
2023-07-21 13:50:03.819582 +0000 build-fedora42: copy-in (cmd): /usr/lib/qubes/qrexec-client-vm disp6414 qubesbuilder.FileCopyIn /usr/lib/qubes/qfile-agent /home/user/builder-r4.2-templates-itl/repository/vm-bookworm
2023-07-21 13:50:04.045194 +0000 build-fedora42: copy-in (cmd): /usr/bin/qvm-run-vm disp6414 bash -c 'mkdir -p /builder/repository && mv /builder/incoming/vm-bookworm /builder/repository'
2023-07-21 13:50:04.358208 +0000 build-fedora42: copy-in (cmd): /usr/bin/qvm-run-vm disp6414 bash -c 'rm -rf /builder/incoming/chroot_deb /builder/plugins/chroot_deb'
2023-07-21 13:50:04.578115 +0000 build-fedora42: copy-in (cmd): /usr/lib/qubes/qrexec-client-vm disp6414 qubesbuilder.FileCopyIn /usr/lib/qubes/qfile-agent /home/user/qubes-builderv2/qubesbuilder/plugins/chroot_deb
2023-07-21 13:50:04.819847 +0000 build-fedora42: copy-in (cmd): /usr/bin/qvm-run-vm disp6414 bash -c 'mkdir -p /builder/plugins && mv /builder/incoming/chroot_deb /builder/plugins'
2023-07-21 13:50:04.975592 +0000 build-fedora42: copy-in (cmd): /usr/bin/qvm-run-vm disp6414 bash -c 'rm -rf /builder/incoming/source_deb /builder/plugins/source_deb'
2023-07-21 13:50:05.149604 +0000 build-fedora42: copy-in (cmd): /usr/lib/qubes/qrexec-client-vm disp6414 qubesbuilder.FileCopyIn /usr/lib/qubes/qfile-agent /home/user/qubes-builderv2/qubesbuilder/plugins/source_deb
2023-07-21 13:50:05.342674 +0000 build-fedora42: copy-in (cmd): /usr/bin/qvm-run-vm disp6414 bash -c 'mkdir -p /builder/plugins && mv /builder/incoming/source_deb /builder/plugins'
2023-07-21 13:50:05.529707 +0000 build-fedora42: copy-in (cmd): /usr/bin/qvm-run-vm disp6414 bash -c 'rm -rf /builder/incoming/build_deb /builder/plugins/build_deb'
2023-07-21 13:50:05.704057 +0000 build-fedora42: copy-in (cmd): /usr/lib/qubes/qrexec-client-vm disp6414 qubesbuilder.FileCopyIn /usr/lib/qubes/qfile-agent /home/user/qubes-builderv2/qubesbuilder/plugins/build_deb
2023-07-21 13:50:05.936234 +0000 build-fedora42: copy-in (cmd): /usr/bin/qvm-run-vm disp6414 bash -c 'mkdir -p /builder/plugins && mv /builder/incoming/build_deb /builder/plugins'
2023-07-21 13:50:06.127038 +0000 build-fedora42: copy-in (cmd): /usr/bin/qvm-run-vm disp6414 bash -c 'rm -rf /builder/incoming/builder-debian /builder/sources/builder-debian'
2023-07-21 13:50:06.309931 +0000 build-fedora42: copy-in (cmd): /usr/lib/qubes/qrexec-client-vm disp6414 qubesbuilder.FileCopyIn /usr/lib/qubes/qfile-agent /home/user/builder-r4.2-templates-itl/sources/builder-debian
2023-07-21 13:50:06.551251 +0000 build-fedora42: copy-in (cmd): /usr/bin/qvm-run-vm disp6414 bash -c 'mkdir -p /builder/sources && mv /builder/incoming/builder-debian /builder/sources'
2023-07-21 13:50:06.725609 +0000 build-fedora42: Executing '/usr/bin/qvm-run-vm disp6414 env VERBOSE='1' DEBUG='1' BACKEND_VMM='xen' DIST='bookworm' DISTRIBUTION='debian' DIST_CODENAME='bookworm' DIST_NAME='debian' DIST_VER='12' TEMPLATE_NAME='debian-12' TEMPLATE_VERSION='4.2.0' TEMPLATE_FLAVOR='gnome' TEMPLATE_OPTIONS='gnome firmware' INSTALL_DIR='/builder/mnt' ARTIFACTS_DIR='/builder/build' PLUGINS_DIR='/builder/plugins' PACKAGES_DIR='/builder/repository' DISCARD_PREPARED_IMAGE='1' BUILDER_TURBO_MODE='1' CACHE_DIR='/builder/cache/cache_bookworm' RELEASE='4.2' TEMPLATE_SCRIPTS_DIR='/builder/plugins/template/scripts' TEMPLATE_ROOT_SIZE='20G' TEMPLATE_ROOT_WITH_PARTITIONS='1' USE_QUBES_REPO_VERSION='4.2' USE_QUBES_REPO_TESTING='1' TEMPLATE_CONTENT_DIR='/builder/sources/builder-debian/template_debian' KEYS_DIR='/builder/plugins/chroot_deb/keys' TEMPLATE_FLAVOR_DIR='+gnome:/builder/sources/builder-debian/template_debian/gnome +firmware:/builder/sources/builder-debian/template_debian/firmware' TEMPLATE_TIMESTAMP='202307211349' bash -c 'make -C /builder/plugins/template prepare build-rootimg''.
2023-07-21 13:50:06.937758 +0000 build-fedora42: output: make: Entering directory '/builder/plugins/template'
2023-07-21 13:50:06.949468 +0000 build-fedora42: output: Building template: debian-12 (202307211349)
2023-07-21 13:50:06.949504 +0000 build-fedora42: output: mkdir -p /builder/build
2023-07-21 13:50:06.949761 +0000 build-fedora42: output: echo 202307211349 > /builder/build/build_timestamp_debian-12
2023-07-21 13:50:06.951830 +0000 build-fedora42: output: # Check that required env are defined
2023-07-21 13:50:06.952520 +0000 build-fedora42: output: sudo env -i DIST_CODENAME="bookworm" DIST_NAME="debian" DIST_VER="12" PLUGINS_DIR="/builder/plugins" ARTIFACTS_DIR="/builder/build" CACHE_DIR="/builder/cache/cache_bookworm" TEMPLATE_CONTENT_DIR="/builder/sources/builder-debian/template_debian" TEMPLATE_NAME="debian-12" TEMPLATE_VERSION="4.2.0" PACKAGES_DIR="/builder/repository" TEMPLATE_SCRIPTS_DIR="/builder/plugins/template/scripts" KEYS_DIR="/builder/plugins/chroot_deb/keys" TEMPLATE_FLAVOR="gnome" TEMPLATE_OPTIONS="gnome firmware" TEMPLATE_FLAVOR_DIR="+gnome:/builder/sources/builder-debian/template_debian/gnome +firmware:/builder/sources/builder-debian/template_debian/firmware" APPMENUS_DIR="" CONFIG_DIR="" TEMPLATE_CONF="/builder/build/template.conf" VERBOSE="1" DEBUG="1" PATH="/usr/local/bin:/usr/local/sbin:/usr/bin:/usr/sbin" DISCARD_PREPARED_IMAGE="1" TEMPLATE_ROOT_WITH_PARTITIONS="1" TEMPLATE_ROOT_SIZE="20G" USE_QUBES_REPO_VERSION="4.2" USE_QUBES_REPO_TESTING="1" BUILDER_TURBO_MODE="1" REPO_PROXY="" FEDORA_MIRROR="" CENTOS_MIRROR="" EPEL_MIRROR="" QUBES_MIRROR="" GENTOO_MIRROR="" ARCHLINUX_MIRROR="" FLAVORS_DIR="" DIST="bookworm" DISTRIBUTION="debian" /builder/plugins/template/scripts/prepare-image /builder/build/prepared_images/debian-12.img /builder/mnt
2023-07-21 13:50:06.970118 +0000 build-fedora42: output: + IMG=/builder/build/prepared_images/debian-12.img
2023-07-21 13:50:06.970751 +0000 build-fedora42: output: ++ readlink -m /builder/mnt
2023-07-21 13:50:06.971991 +0000 build-fedora42: output: + INSTALL_DIR=/builder/mnt
2023-07-21 13:50:06.972660 +0000 build-fedora42: output: ++ dirname /builder/plugins/template/scripts/prepare-image
2023-07-21 13:50:06.973290 +0000 build-fedora42: output: + BUILDER_SCRIPTS_DIR=/builder/plugins/template/scripts
2023-07-21 13:50:06.973323 +0000 build-fedora42: output: + LC_ALL=POSIX
2023-07-21 13:50:06.973339 +0000 build-fedora42: output: + RETCODE=0
2023-07-21 13:50:06.973843 +0000 build-fedora42: output: + . /builder/plugins/template/scripts/builder-setup
2023-07-21 13:50:06.973905 +0000 build-fedora42: output: ++ REQUIRED_ENV=(DIST_CODENAME DIST_NAME DIST_VER PLUGINS_DIR ARTIFACTS_DIR CACHE_DIR TEMPLATE_CONTENT_DIR TEMPLATE_NAME TEMPLATE_SCRIPTS_DIR KEYS_DIR)
2023-07-21 13:50:06.974071 +0000 build-fedora42: output: ++ for var in "${REQUIRED_ENV[@]}"
2023-07-21 13:50:06.974611 +0000 build-fedora42: output: ++ '[' -z bookworm ']'
2023-07-21 13:50:06.974652 +0000 build-fedora42: output: ++ for var in "${REQUIRED_ENV[@]}"
2023-07-21 13:50:06.974692 +0000 build-fedora42: output: ++ '[' -z debian ']'
2023-07-21 13:50:06.974708 +0000 build-fedora42: output: ++ for var in "${REQUIRED_ENV[@]}"
2023-07-21 13:50:06.975092 +0000 build-fedora42: output: ++ '[' -z 12 ']'
2023-07-21 13:50:06.975127 +0000 build-fedora42: output: ++ for var in "${REQUIRED_ENV[@]}"
2023-07-21 13:50:06.975143 +0000 build-fedora42: output: ++ '[' -z /builder/plugins ']'
2023-07-21 13:50:06.975157 +0000 build-fedora42: output: ++ for var in "${REQUIRED_ENV[@]}"
2023-07-21 13:50:06.975172 +0000 build-fedora42: output: ++ '[' -z /builder/build ']'
2023-07-21 13:50:06.975186 +0000 build-fedora42: output: ++ for var in "${REQUIRED_ENV[@]}"
2023-07-21 13:50:06.975824 +0000 build-fedora42: output: ++ '[' -z /builder/cache/cache_bookworm ']'
2023-07-21 13:50:06.975970 +0000 build-fedora42: output: ++ for var in "${REQUIRED_ENV[@]}"
2023-07-21 13:50:06.975997 +0000 build-fedora42: output: ++ '[' -z /builder/sources/builder-debian/template_debian ']'
2023-07-21 13:50:06.976054 +0000 build-fedora42: output: ++ for var in "${REQUIRED_ENV[@]}"
2023-07-21 13:50:06.976072 +0000 build-fedora42: output: ++ '[' -z debian-12 ']'
2023-07-21 13:50:06.976841 +0000 build-fedora42: output: ++ for var in "${REQUIRED_ENV[@]}"
2023-07-21 13:50:06.976868 +0000 build-fedora42: output: ++ '[' -z /builder/plugins/template/scripts ']'
2023-07-21 13:50:06.976878 +0000 build-fedora42: output: ++ for var in "${REQUIRED_ENV[@]}"
2023-07-21 13:50:06.976907 +0000 build-fedora42: output: ++ '[' -z /builder/plugins/chroot_deb/keys ']'
2023-07-21 13:50:06.976915 +0000 build-fedora42: output: +++ id -ur
2023-07-21 13:50:06.978404 +0000 build-fedora42: output: ++ [[ 0 != 0 ]]
2023-07-21 13:50:06.978448 +0000 build-fedora42: output: + . /builder/plugins/template/scripts/umount-kill
2023-07-21 13:50:06.978877 +0000 build-fedora42: output: ++ '[' 1 == 1 ']'
2023-07-21 13:50:06.978930 +0000 build-fedora42: output: ++ set -x
2023-07-21 13:50:06.980184 +0000 build-fedora42: output: +++ basename /builder/plugins/template/scripts/prepare-image
2023-07-21 13:50:06.981573 +0000 build-fedora42: output: ++ '[' prepare-image == umount-kill ']'
2023-07-21 13:50:06.981619 +0000 build-fedora42: output: + '[' 2 -ne 2 ']'
2023-07-21 13:50:06.981636 +0000 build-fedora42: output: + '[' -z 20G ']'
2023-07-21 13:50:06.981658 +0000 build-fedora42: output: + mkdir -p /builder/mnt /builder/cache/cache_bookworm /builder/repository /builder/build
2023-07-21 13:50:06.983642 +0000 build-fedora42: output: + export INSTALL_DIR LC_ALL IMG
2023-07-21 13:50:06.984414 +0000 build-fedora42: output: ++ df -T /dev
2023-07-21 13:50:06.984749 +0000 build-fedora42: output: ++ cut -f 1 -d ' '
2023-07-21 13:50:06.984968 +0000 build-fedora42: output: ++ tail -1
2023-07-21 13:50:06.987843 +0000 build-fedora42: output: + '[' devtmpfs = tmpfs ']'
2023-07-21 13:50:06.987938 +0000 build-fedora42: output: + DIST_TO_STR=bookworm+gnome
2023-07-21 13:50:06.988118 +0000 build-fedora42: output: + '[' 14 -gt 0 ']'
2023-07-21 13:50:06.988233 +0000 build-fedora42: output: + DIST_TO_STR='bookworm+gnome (options: gnome firmware)'
2023-07-21 13:50:06.988360 +0000 build-fedora42: output: + echo 'INFO: Preparing installation of bookworm+gnome (options: gnome firmware) template...'
2023-07-21 13:50:06.988478 +0000 build-fedora42: output: + /builder/sources/builder-debian/template_debian/00_prepare.sh
2023-07-21 13:50:06.988605 +0000 build-fedora42: output: INFO: Preparing installation of bookworm+gnome (options: gnome firmware) template...
2023-07-21 13:50:06.993425 +0000 build-fedora42: output: ++++ basename /builder/sources/builder-debian/template_debian/00_prepare.sh
2023-07-21 13:50:06.994590 +0000 build-fedora42: output: +++ '[' 00_prepare.sh == umount-kill ']'
2023-07-21 13:50:06.994779 +0000 build-fedora42: output: ++ output 'INFO: /builder/sources/builder-debian/template_debian/distribution.sh imported by: /builder/sources/builder-debian/template_debian/00_prepare.sh'
2023-07-21 13:50:06.994957 +0000 build-fedora42: output: ++ '[' 01 -ge 1 ']'
2023-07-21 13:50:06.995002 +0000 build-fedora42: output: ++ [[ -z '' ]]
2023-07-21 13:50:06.995114 +0000 build-fedora42: output: ++ [[ ehB != \e\h\x\B ]]
2023-07-21 13:50:06.996992 +0000 build-fedora42: output: + umount_all /builder/mnt
2023-07-21 13:50:06.997021 +0000 build-fedora42: output: + directory=/builder/mnt
2023-07-21 13:50:06.997224 +0000 build-fedora42: output: + '[' /builder/mnt == /builder/mnt ']'
2023-07-21 13:50:06.998095 +0000 build-fedora42: output: ++ mountPoints /builder/mnt
2023-07-21 13:50:06.998134 +0000 build-fedora42: output: ++ local mount_point
2023-07-21 13:50:06.998872 +0000 build-fedora42: output: +++ mountPoint /builder/mnt
2023-07-21 13:50:06.999345 +0000 build-fedora42: output: +++ local mount_point=/builder/mnt
2023-07-21 13:50:06.999426 +0000 build-fedora42: output: +++ [[ /builder/mnt == /* ]]
2023-07-21 13:50:06.999532 +0000 build-fedora42: output: +++ sed 's#//*#/#g'
2023-07-21 13:50:06.999637 +0000 build-fedora42: output: +++ echo /builder/mnt
2023-07-21 13:50:07.001723 +0000 build-fedora42: output: ++ mount_point=/builder/mnt
2023-07-21 13:50:07.002306 +0000 build-fedora42: output: +++ sudo grep /builder/mnt /proc/mounts
2023-07-21 13:50:07.002338 +0000 build-fedora42: output: +++ grep '^/builder/mnt'
2023-07-21 13:50:07.002954 +0000 build-fedora42: output: +++ sort -r
2023-07-21 13:50:07.006021 +0000 build-fedora42: output: +++ cut -f2 '-d '
2023-07-21 13:50:07.006117 +0000 build-fedora42: output: +++ uniq
2023-07-21 13:50:07.021300 +0000 build-fedora42: output: ++ echo ''
2023-07-21 13:50:07.021342 +0000 build-fedora42: output: + '[' -n '' ']'
2023-07-21 13:50:07.021365 +0000 build-fedora42: output: + umount_kill /builder/mnt
2023-07-21 13:50:07.021371 +0000 build-fedora42: output: + '[' 01 -le 2 ']'
2023-07-21 13:50:07.021375 +0000 build-fedora42: output: + test -o xtrace
2023-07-21 13:50:07.021382 +0000 build-fedora42: output: + true 'umount_kill: Disabling xtrace, because variable VERBOSE (1) is lower than or equal 2...'
2023-07-21 13:50:07.021392 +0000 build-fedora42: output: + set +x
2023-07-21 13:50:07.119168 +0000 build-fedora42: output: INFO: Attempting to kill any processes still running in '/builder/mnt' before un-mounting
2023-07-21 13:50:07.135853 +0000 build-fedora42: output: + true 'umount_kill: Restoring xtrace...'
2023-07-21 13:50:07.135935 +0000 build-fedora42: output: + buildStep /builder/sources/builder-debian/template_debian/00_prepare.sh pre
2023-07-21 13:50:07.135943 +0000 build-fedora42: output: + local filename=/builder/sources/builder-debian/template_debian/00_prepare.sh
2023-07-21 13:50:07.135949 +0000 build-fedora42: output: + local suffix=pre
2023-07-21 13:50:07.135954 +0000 build-fedora42: output: + unset build_step_files
2023-07-21 13:50:07.135965 +0000 build-fedora42: output: + info 'Locating buildStep files: 00_prepare.sh suffix: pre'
2023-07-21 13:50:07.136293 +0000 build-fedora42: output: + output 'INFO: Locating buildStep files: 00_prepare.sh suffix: pre'
2023-07-21 13:50:07.136451 +0000 build-fedora42: output: + '[' 01 -ge 1 ']'
2023-07-21 13:50:07.136728 +0000 build-fedora42: output: + [[ -z '' ]]
2023-07-21 13:50:07.136740 +0000 build-fedora42: output: + [[ ehB != \e\h\x\B ]]
2023-07-21 13:50:07.137003 +0000 build-fedora42: output: + getFileLocations build_step_files /builder/sources/builder-debian/template_debian/00_prepare.sh pre
2023-07-21 13:50:07.137018 +0000 build-fedora42: output: + local return_global_var=build_step_files
2023-07-21 13:50:07.137025 +0000 build-fedora42: output: + local filename=/builder/sources/builder-debian/template_debian/00_prepare.sh
2023-07-21 13:50:07.137155 +0000 build-fedora42: output: + local suffix=pre
2023-07-21 13:50:07.137283 +0000 build-fedora42: output: + local function=templateFile
2023-07-21 13:50:07.139018 +0000 build-fedora42: output: + unset GLOBAL_CACHE
2023-07-21 13:50:07.139349 +0000 build-fedora42: output: + declare -gA GLOBAL_CACHE
2023-07-21 13:50:07.139486 +0000 build-fedora42: output: + callTemplateFunction /builder/sources/builder-debian/template_debian/00_prepare.sh pre templateFile
2023-07-21 13:50:07.139745 +0000 build-fedora42: output: + local calling_script=/builder/sources/builder-debian/template_debian/00_prepare.sh
2023-07-21 13:50:07.139954 +0000 build-fedora42: output: + local calling_arg=pre
2023-07-21 13:50:07.139974 +0000 build-fedora42: output: + local functionExec=templateFile
2023-07-21 13:50:07.139990 +0000 build-fedora42: output: + local template_flavor=gnome
2023-07-21 13:50:07.140004 +0000 build-fedora42: output: + local template_options
2023-07-21 13:50:07.140027 +0000 build-fedora42: output: + templateFile /builder/sources/builder-debian/template_debian/00_prepare.sh pre gnome
2023-07-21 13:50:07.140046 +0000 build-fedora42: output: + local file=/builder/sources/builder-debian/template_debian/00_prepare.sh
2023-07-21 13:50:07.140060 +0000 build-fedora42: output: + local suffix=pre
2023-07-21 13:50:07.140134 +0000 build-fedora42: output: + local template_flavor=gnome
2023-07-21 13:50:07.140166 +0000 build-fedora42: output: + local template_dirs
2023-07-21 13:50:07.140184 +0000 build-fedora42: output: ++ templateDirs gnome
2023-07-21 13:50:07.140201 +0000 build-fedora42: output: ++ local template_flavor=gnome
2023-07-21 13:50:07.140217 +0000 build-fedora42: output: ++ local template_flavor_prefix
2023-07-21 13:50:07.140231 +0000 build-fedora42: output: ++ local template_flavor_dir
2023-07-21 13:50:07.140245 +0000 build-fedora42: output: ++ local match=0
2023-07-21 13:50:07.140260 +0000 build-fedora42: output: ++ read -r -a template_flavor_dir
2023-07-21 13:50:07.140275 +0000 build-fedora42: output: ++ for element in "${template_flavor_dir[@]}"
2023-07-21 13:50:07.140289 +0000 build-fedora42: output: +++ templateName gnome
2023-07-21 13:50:07.140304 +0000 build-fedora42: output: +++ local template_flavor=gnome
2023-07-21 13:50:07.140318 +0000 build-fedora42: output: +++ local template_name
2023-07-21 13:50:07.140332 +0000 build-fedora42: output: +++ local template_options
2023-07-21 13:50:07.140344 +0000 build-fedora42: output: +++ local template_label
2023-07-21 13:50:07.140358 +0000 build-fedora42: output: +++ local template_options_concatenated
2023-07-21 13:50:07.140371 +0000 build-fedora42: output: +++ retval=1
2023-07-21 13:50:07.140384 +0000 build-fedora42: output: +++ read -r -a template_options
2023-07-21 13:50:07.140397 +0000 build-fedora42: output: +++ '[' -n gnome ']'
2023-07-21 13:50:07.140410 +0000 build-fedora42: output: +++ template_options_concatenated=
2023-07-21 13:50:07.140424 +0000 build-fedora42: output: ++++ templateFlavorPrefix gnome
2023-07-21 13:50:07.140437 +0000 build-fedora42: output: ++++ local template_flavor=gnome
2023-07-21 13:50:07.140450 +0000 build-fedora42: output: ++++ local template_flavor_prefix
2023-07-21 13:50:07.140464 +0000 build-fedora42: output: ++++ read -r -a template_flavor_prefix
2023-07-21 13:50:07.140477 +0000 build-fedora42: output: ++++ '[' gnome == + ']'
2023-07-21 13:50:07.140490 +0000 build-fedora42: output: ++++ echo bookworm+
2023-07-21 13:50:07.140503 +0000 build-fedora42: output: +++ template_name=bookworm+gnome
2023-07-21 13:50:07.140545 +0000 build-fedora42: output: +++ read -r -a template_label
2023-07-21 13:50:07.140560 +0000 build-fedora42: output: ++++ templateNameFixLength bookworm+gnome
2023-07-21 13:50:07.140575 +0000 build-fedora42: output: ++++ local template_name=bookworm+gnome
2023-07-21 13:50:07.140587 +0000 build-fedora42: output: ++++ local temp_name
2023-07-21 13:50:07.140600 +0000 build-fedora42: output: ++++ read -r -a temp_name
2023-07-21 13:50:07.140613 +0000 build-fedora42: output: ++++ local index=1
2023-07-21 13:50:07.140626 +0000 build-fedora42: output: ++++ '[' 14 -ge 32 ']'
2023-07-21 13:50:07.140639 +0000 build-fedora42: output: ++++ echo bookworm+gnome
2023-07-21 13:50:07.140651 +0000 build-fedora42: output: +++ echo bookworm+gnome
2023-07-21 13:50:07.140663 +0000 build-fedora42: output: +++ return 1
2023-07-21 13:50:07.140677 +0000 build-fedora42: output: ++ '[' +gnome == bookworm+gnome ']'
2023-07-21 13:50:07.140699 +0000 build-fedora42: output: ++ '[' + == + ']'
2023-07-21 13:50:07.140713 +0000 build-fedora42: output: ++ '[' +gnome == +gnome ']'
2023-07-21 13:50:07.140729 +0000 build-fedora42: output: ++ eval echo -e /builder/sources/builder-debian/template_debian/gnome
2023-07-21 13:50:07.140746 +0000 build-fedora42: output: +++ echo -e /builder/sources/builder-debian/template_debian/gnome
2023-07-21 13:50:07.140758 +0000 build-fedora42: output: ++ match=1
2023-07-21 13:50:07.140773 +0000 build-fedora42: output: ++ for element in "${template_flavor_dir[@]}"
2023-07-21 13:50:07.140785 +0000 build-fedora42: output: +++ templateName gnome
2023-07-21 13:50:07.140799 +0000 build-fedora42: output: +++ local template_flavor=gnome
2023-07-21 13:50:07.140812 +0000 build-fedora42: output: +++ local template_name
2023-07-21 13:50:07.140825 +0000 build-fedora42: output: +++ local template_options
2023-07-21 13:50:07.140837 +0000 build-fedora42: output: +++ local template_label
2023-07-21 13:50:07.140851 +0000 build-fedora42: output: +++ local template_options_concatenated
2023-07-21 13:50:07.140885 +0000 build-fedora42: output: +++ retval=1
2023-07-21 13:50:07.140899 +0000 build-fedora42: output: +++ read -r -a template_options
2023-07-21 13:50:07.140912 +0000 build-fedora42: output: +++ '[' -n gnome ']'
2023-07-21 13:50:07.140926 +0000 build-fedora42: output: +++ template_options_concatenated=
2023-07-21 13:50:07.141218 +0000 build-fedora42: output: ++++ templateFlavorPrefix gnome
2023-07-21 13:50:07.141252 +0000 build-fedora42: output: ++++ local template_flavor=gnome
2023-07-21 13:50:07.141261 +0000 build-fedora42: output: ++++ local template_flavor_prefix
2023-07-21 13:50:07.141330 +0000 build-fedora42: output: ++++ read -r -a template_flavor_prefix
2023-07-21 13:50:07.141340 +0000 build-fedora42: output: ++++ '[' gnome == + ']'
2023-07-21 13:50:07.141364 +0000 build-fedora42: output: ++++ echo bookworm+
2023-07-21 13:50:07.141407 +0000 build-fedora42: output: +++ template_name=bookworm+gnome
2023-07-21 13:50:07.141448 +0000 build-fedora42: output: +++ read -r -a template_label
2023-07-21 13:50:07.141523 +0000 build-fedora42: output: ++++ templateNameFixLength bookworm+gnome
2023-07-21 13:50:07.141534 +0000 build-fedora42: output: ++++ local template_name=bookworm+gnome
2023-07-21 13:50:07.141559 +0000 build-fedora42: output: ++++ local temp_name
2023-07-21 13:50:07.141637 +0000 build-fedora42: output: ++++ read -r -a temp_name
2023-07-21 13:50:07.141647 +0000 build-fedora42: output: ++++ local index=1
2023-07-21 13:50:07.141683 +0000 build-fedora42: output: ++++ '[' 14 -ge 32 ']'
2023-07-21 13:50:07.141717 +0000 build-fedora42: output: ++++ echo bookworm+gnome
2023-07-21 13:50:07.142130 +0000 build-fedora42: output: +++ echo bookworm+gnome
2023-07-21 13:50:07.142144 +0000 build-fedora42: output: +++ return 1
2023-07-21 13:50:07.142149 +0000 build-fedora42: output: ++ '[' +firmware == bookworm+gnome ']'
2023-07-21 13:50:07.142170 +0000 build-fedora42: output: ++ '[' + == + ']'
2023-07-21 13:50:07.142175 +0000 build-fedora42: output: ++ '[' +firmware == +gnome ']'
2023-07-21 13:50:07.142180 +0000 build-fedora42: output: ++ '[' + == '*' ']'
2023-07-21 13:50:07.142184 +0000 build-fedora42: output: ++ '[' 1 -eq 1 ']'
2023-07-21 13:50:07.142191 +0000 build-fedora42: output: ++ return
2023-07-21 13:50:07.142215 +0000 build-fedora42: output: + template_dirs=/builder/sources/builder-debian/template_debian/gnome
2023-07-21 13:50:07.142375 +0000 build-fedora42: output: + splitPath /builder/sources/builder-debian/template_debian/00_prepare.sh path_parts
2023-07-21 13:50:07.142387 +0000 build-fedora42: output: + local return_global_var=path_parts
2023-07-21 13:50:07.142392 +0000 build-fedora42: output: + local filename=00_prepare.sh
2023-07-21 13:50:07.142398 +0000 build-fedora42: output: + local dir=/builder/sources/builder-debian/template_debian/
2023-07-21 13:50:07.142419 +0000 build-fedora42: output: + local base=00_prepare
2023-07-21 13:50:07.142505 +0000 build-fedora42: output: + local ext=sh
2023-07-21 13:50:07.142522 +0000 build-fedora42: output: + '[' sh ']'
2023-07-21 13:50:07.142545 +0000 build-fedora42: output: + local dotext=.sh
2023-07-21 13:50:07.142843 +0000 build-fedora42: output: + [[ -z 00_prepare ]]
2023-07-21 13:50:07.142872 +0000 build-fedora42: output: + PARTS=(['full']='/builder/sources/builder-debian/template_debian/00_prepare.sh' ['dir']='/builder/sources/builder-debian/template_debian/' ['base']='00_prepare' ['ext']='sh' ['dotext']='.sh')
2023-07-21 13:50:07.142879 +0000 build-fedora42: output: + declare -A PARTS
2023-07-21 13:50:07.142884 +0000 build-fedora42: output: + setArrayAsGlobal PARTS path_parts
2023-07-21 13:50:07.142889 +0000 build-fedora42: output: + local array=PARTS
2023-07-21 13:50:07.142894 +0000 build-fedora42: output: + local export_as=path_parts
2023-07-21 13:50:07.142898 +0000 build-fedora42: output: + local code
2023-07-21 13:50:07.142903 +0000 build-fedora42: output: + local replaced
2023-07-21 13:50:07.143143 +0000 build-fedora42: output: ++ declare -p PARTS
2023-07-21 13:50:07.143611 +0000 build-fedora42: output: + code='declare -A PARTS=([dotext]=".sh" [base]="00_prepare" [dir]="/builder/sources/builder-debian/template_debian/" [ext]="sh" [full]="/builder/sources/builder-debian/template_debian/00_prepare.sh" )'
2023-07-21 13:50:07.144002 +0000 build-fedora42: output: + replaced='declare -A path_parts=([dotext]=".sh" [base]="00_prepare" [dir]="/builder/sources/builder-debian/template_debian/" [ext]="sh" [full]="/builder/sources/builder-debian/template_debian/00_prepare.sh" )'
2023-07-21 13:50:07.144022 +0000 build-fedora42: output: + eval 'declare -gA path_parts=([dotext]=".sh" [base]="00_prepare" [dir]="/builder/sources/builder-debian/template_debian/" [ext]="sh" [full]="/builder/sources/builder-debian/template_debian/00_prepare.sh" )'
2023-07-21 13:50:07.144032 +0000 build-fedora42: output: ++ path_parts=(['dotext']='.sh' ['base']='00_prepare' ['dir']='/builder/sources/builder-debian/template_debian/' ['ext']='sh' ['full']='/builder/sources/builder-debian/template_debian/00_prepare.sh')
2023-07-21 13:50:07.144037 +0000 build-fedora42: output: ++ declare -gA path_parts
2023-07-21 13:50:07.144043 +0000 build-fedora42: output: + for template_dir in "${template_dirs[@]}"
2023-07-21 13:50:07.144048 +0000 build-fedora42: output: + '[' -z gnome ']'
2023-07-21 13:50:07.144160 +0000 build-fedora42: output: + '[' -n pre ']'
2023-07-21 13:50:07.144173 +0000 build-fedora42: output: + exists /builder/sources/builder-debian/template_debian/gnome/gnome/00_prepare_pre.sh
2023-07-21 13:50:07.144199 +0000 build-fedora42: output: + filename=/builder/sources/builder-debian/template_debian/gnome/gnome/00_prepare_pre.sh
2023-07-21 13:50:07.144282 +0000 build-fedora42: output: + '[' -e /builder/sources/builder-debian/template_debian/gnome/gnome/00_prepare_pre.sh ']'
2023-07-21 13:50:07.144293 +0000 build-fedora42: output: + return 1
2023-07-21 13:50:07.144322 +0000 build-fedora42: output: + true
2023-07-21 13:50:07.144404 +0000 build-fedora42: output: + exists /builder/sources/builder-debian/template_debian/gnome/gnome/00_prepare_pre.sh
2023-07-21 13:50:07.144416 +0000 build-fedora42: output: + filename=/builder/sources/builder-debian/template_debian/gnome/gnome/00_prepare_pre.sh
2023-07-21 13:50:07.144544 +0000 build-fedora42: output: + '[' -e /builder/sources/builder-debian/template_debian/gnome/gnome/00_prepare_pre.sh ']'
2023-07-21 13:50:07.144569 +0000 build-fedora42: output: + return 1
2023-07-21 13:50:07.144575 +0000 build-fedora42: output: + true
2023-07-21 13:50:07.144581 +0000 build-fedora42: output: + exists /builder/sources/builder-debian/template_debian/gnome/00_prepare_pre.sh
2023-07-21 13:50:07.144604 +0000 build-fedora42: output: + filename=/builder/sources/builder-debian/template_debian/gnome/00_prepare_pre.sh
2023-07-21 13:50:07.144613 +0000 build-fedora42: output: + '[' -e /builder/sources/builder-debian/template_debian/gnome/00_prepare_pre.sh ']'
2023-07-21 13:50:07.145169 +0000 build-fedora42: output: + return 1
2023-07-21 13:50:07.145190 +0000 build-fedora42: output: + true
2023-07-21 13:50:07.145198 +0000 build-fedora42: output: + exists /builder/sources/builder-debian/template_debian/gnome/00_prepare_pre_gnome.sh
2023-07-21 13:50:07.145205 +0000 build-fedora42: output: + filename=/builder/sources/builder-debian/template_debian/gnome/00_prepare_pre_gnome.sh
2023-07-21 13:50:07.145212 +0000 build-fedora42: output: + '[' -e /builder/sources/builder-debian/template_debian/gnome/00_prepare_pre_gnome.sh ']'
2023-07-21 13:50:07.145217 +0000 build-fedora42: output: + return 1
2023-07-21 13:50:07.145223 +0000 build-fedora42: output: + true
2023-07-21 13:50:07.145230 +0000 build-fedora42: output: + exists /builder/sources/builder-debian/template_debian/00_prepare_pre_gnome.sh
2023-07-21 13:50:07.145237 +0000 build-fedora42: output: + filename=/builder/sources/builder-debian/template_debian/00_prepare_pre_gnome.sh
2023-07-21 13:50:07.145243 +0000 build-fedora42: output: + '[' -e /builder/sources/builder-debian/template_debian/00_prepare_pre_gnome.sh ']'
2023-07-21 13:50:07.145247 +0000 build-fedora42: output: + return 1
2023-07-21 13:50:07.145251 +0000 build-fedora42: output: + true
2023-07-21 13:50:07.145258 +0000 build-fedora42: output: + templateFile /builder/sources/builder-debian/template_debian/00_prepare.sh pre +
2023-07-21 13:50:07.145264 +0000 build-fedora42: output: + local file=/builder/sources/builder-debian/template_debian/00_prepare.sh
2023-07-21 13:50:07.145268 +0000 build-fedora42: output: + local suffix=pre
2023-07-21 13:50:07.145273 +0000 build-fedora42: output: + local template_flavor=+
2023-07-21 13:50:07.145278 +0000 build-fedora42: output: + local template_dirs
2023-07-21 13:50:07.145555 +0000 build-fedora42: output: ++ templateDirs +
2023-07-21 13:50:07.145586 +0000 build-fedora42: output: ++ local template_flavor=+
2023-07-21 13:50:07.145592 +0000 build-fedora42: output: ++ local template_flavor_prefix
2023-07-21 13:50:07.145597 +0000 build-fedora42: output: ++ local template_flavor_dir
2023-07-21 13:50:07.145602 +0000 build-fedora42: output: ++ local match=0
2023-07-21 13:50:07.145609 +0000 build-fedora42: output: ++ read -r -a template_flavor_dir
2023-07-21 13:50:07.145824 +0000 build-fedora42: output: ++ for element in "${template_flavor_dir[@]}"
2023-07-21 13:50:07.146164 +0000 build-fedora42: output: +++ templateName +
2023-07-21 13:50:07.146376 +0000 build-fedora42: output: +++ local template_flavor=+
2023-07-21 13:50:07.146389 +0000 build-fedora42: output: +++ local template_name
2023-07-21 13:50:07.146647 +0000 build-fedora42: output: +++ local template_options
2023-07-21 13:50:07.146660 +0000 build-fedora42: output: +++ local template_label
2023-07-21 13:50:07.146665 +0000 build-fedora42: output: +++ local template_options_concatenated
2023-07-21 13:50:07.146670 +0000 build-fedora42: output: +++ retval=1
2023-07-21 13:50:07.146943 +0000 build-fedora42: output: +++ read -r -a template_options
2023-07-21 13:50:07.146959 +0000 build-fedora42: output: +++ '[' -n + ']'
2023-07-21 13:50:07.146993 +0000 build-fedora42: output: +++ template_options_concatenated=
2023-07-21 13:50:07.147982 +0000 build-fedora42: output: ++++ templateFlavorPrefix +
2023-07-21 13:50:07.147995 +0000 build-fedora42: output: ++++ local template_flavor=+
2023-07-21 13:50:07.148001 +0000 build-fedora42: output: ++++ local template_flavor_prefix
2023-07-21 13:50:07.148006 +0000 build-fedora42: output: ++++ read -r -a template_flavor_prefix
2023-07-21 13:50:07.148028 +0000 build-fedora42: output: ++++ '[' + == + ']'
2023-07-21 13:50:07.148080 +0000 build-fedora42: output: ++++ echo bookworm
2023-07-21 13:50:07.148330 +0000 build-fedora42: output: +++ template_name=bookworm+
2023-07-21 13:50:07.148344 +0000 build-fedora42: output: +++ read -r -a template_label
2023-07-21 13:50:07.148898 +0000 build-fedora42: output: ++++ templateNameFixLength bookworm+
2023-07-21 13:50:07.149145 +0000 build-fedora42: output: ++++ local template_name=bookworm+
2023-07-21 13:50:07.149158 +0000 build-fedora42: output: ++++ local temp_name
2023-07-21 13:50:07.149188 +0000 build-fedora42: output: ++++ read -r -a temp_name
2023-07-21 13:50:07.149267 +0000 build-fedora42: output: ++++ local index=0
2023-07-21 13:50:07.149792 +0000 build-fedora42: output: ++++ '[' 9 -ge 32 ']'
2023-07-21 13:50:07.149808 +0000 build-fedora42: output: ++++ echo bookworm+
2023-07-21 13:50:07.149814 +0000 build-fedora42: output: +++ echo bookworm+
2023-07-21 13:50:07.149818 +0000 build-fedora42: output: +++ return 1
2023-07-21 13:50:07.150057 +0000 build-fedora42: output: ++ '[' +gnome == bookworm+ ']'
2023-07-21 13:50:07.150094 +0000 build-fedora42: output: ++ '[' + == + ']'
2023-07-21 13:50:07.150239 +0000 build-fedora42: output: ++ '[' +gnome == ++ ']'
2023-07-21 13:50:07.150255 +0000 build-fedora42: output: ++ '[' + == '*' ']'
2023-07-21 13:50:07.150261 +0000 build-fedora42: output: ++ for element in "${template_flavor_dir[@]}"
2023-07-21 13:50:07.150524 +0000 build-fedora42: output: +++ templateName +
2023-07-21 13:50:07.150771 +0000 build-fedora42: output: +++ local template_flavor=+
2023-07-21 13:50:07.150784 +0000 build-fedora42: output: +++ local template_name
2023-07-21 13:50:07.150790 +0000 build-fedora42: output: +++ local template_options
2023-07-21 13:50:07.151134 +0000 build-fedora42: output: +++ local template_label
2023-07-21 13:50:07.151148 +0000 build-fedora42: output: +++ local template_options_concatenated
2023-07-21 13:50:07.151153 +0000 build-fedora42: output: +++ retval=1
2023-07-21 13:50:07.151158 +0000 build-fedora42: output: +++ read -r -a template_options
2023-07-21 13:50:07.151287 +0000 build-fedora42: output: +++ '[' -n + ']'
2023-07-21 13:50:07.151425 +0000 build-fedora42: output: +++ template_options_concatenated=
2023-07-21 13:50:07.151727 +0000 build-fedora42: output: ++++ templateFlavorPrefix +
2023-07-21 13:50:07.152073 +0000 build-fedora42: output: ++++ local template_flavor=+
2023-07-21 13:50:07.152087 +0000 build-fedora42: output: ++++ local template_flavor_prefix
2023-07-21 13:50:07.152093 +0000 build-fedora42: output: ++++ read -r -a template_flavor_prefix
2023-07-21 13:50:07.152097 +0000 build-fedora42: output: ++++ '[' + == + ']'
2023-07-21 13:50:07.152102 +0000 build-fedora42: output: ++++ echo bookworm
2023-07-21 13:50:07.152316 +0000 build-fedora42: output: +++ template_name=bookworm+
2023-07-21 13:50:07.152329 +0000 build-fedora42: output: +++ read -r -a template_label
2023-07-21 13:50:07.152709 +0000 build-fedora42: output: ++++ templateNameFixLength bookworm+
2023-07-21 13:50:07.153053 +0000 build-fedora42: output: ++++ local template_name=bookworm+
2023-07-21 13:50:07.153067 +0000 build-fedora42: output: ++++ local temp_name
2023-07-21 13:50:07.153072 +0000 build-fedora42: output: ++++ read -r -a temp_name
2023-07-21 13:50:07.153077 +0000 build-fedora42: output: ++++ local index=0
2023-07-21 13:50:07.153081 +0000 build-fedora42: output: ++++ '[' 9 -ge 32 ']'
2023-07-21 13:50:07.153086 +0000 build-fedora42: output: ++++ echo bookworm+
2023-07-21 13:50:07.153280 +0000 build-fedora42: output: +++ echo bookworm+
2023-07-21 13:50:07.153418 +0000 build-fedora42: output: +++ return 1
2023-07-21 13:50:07.153651 +0000 build-fedora42: output: ++ '[' +firmware == bookworm+ ']'
2023-07-21 13:50:07.153665 +0000 build-fedora42: output: ++ '[' + == + ']'
2023-07-21 13:50:07.153695 +0000 build-fedora42: output: ++ '[' +firmware == ++ ']'
2023-07-21 13:50:07.153802 +0000 build-fedora42: output: ++ '[' + == '*' ']'
2023-07-21 13:50:07.153816 +0000 build-fedora42: output: ++ '[' 0 -eq 1 ']'
2023-07-21 13:50:07.154160 +0000 build-fedora42: output: +++ templateFlavorPrefix +
2023-07-21 13:50:07.154385 +0000 build-fedora42: output: +++ local template_flavor=+
2023-07-21 13:50:07.154398 +0000 build-fedora42: output: +++ local template_flavor_prefix
2023-07-21 13:50:07.154403 +0000 build-fedora42: output: +++ read -r -a template_flavor_prefix
2023-07-21 13:50:07.154595 +0000 build-fedora42: output: +++ '[' + == + ']'
2023-07-21 13:50:07.154610 +0000 build-fedora42: output: +++ echo bookworm
2023-07-21 13:50:07.154837 +0000 build-fedora42: output: ++ template_flavor_prefix=bookworm
2023-07-21 13:50:07.154853 +0000 build-fedora42: output: ++ '[' -n + ']'
2023-07-21 13:50:07.154890 +0000 build-fedora42: output: ++ '[' + == + ']'
2023-07-21 13:50:07.154929 +0000 build-fedora42: output: ++ local dir=/builder/sources/builder-debian/template_debian/bookworm
2023-07-21 13:50:07.155012 +0000 build-fedora42: output: ++ echo /builder/sources/builder-debian/template_debian/bookworm
2023-07-21 13:50:07.156002 +0000 build-fedora42: output: + template_dirs=/builder/sources/builder-debian/template_debian/bookworm
2023-07-21 13:50:07.156018 +0000 build-fedora42: output: + splitPath /builder/sources/builder-debian/template_debian/00_prepare.sh path_parts
2023-07-21 13:50:07.156024 +0000 build-fedora42: output: + local return_global_var=path_parts
2023-07-21 13:50:07.156029 +0000 build-fedora42: output: + local filename=00_prepare.sh
2023-07-21 13:50:07.156034 +0000 build-fedora42: output: + local dir=/builder/sources/builder-debian/template_debian/
2023-07-21 13:50:07.156039 +0000 build-fedora42: output: + local base=00_prepare
2023-07-21 13:50:07.156044 +0000 build-fedora42: output: + local ext=sh
2023-07-21 13:50:07.156048 +0000 build-fedora42: output: + '[' sh ']'
2023-07-21 13:50:07.156053 +0000 build-fedora42: output: + local dotext=.sh
2023-07-21 13:50:07.156057 +0000 build-fedora42: output: + [[ -z 00_prepare ]]
2023-07-21 13:50:07.156067 +0000 build-fedora42: output: + PARTS=(['full']='/builder/sources/builder-debian/template_debian/00_prepare.sh' ['dir']='/builder/sources/builder-debian/template_debian/' ['base']='00_prepare' ['ext']='sh' ['dotext']='.sh')
2023-07-21 13:50:07.156072 +0000 build-fedora42: output: + declare -A PARTS
2023-07-21 13:50:07.156077 +0000 build-fedora42: output: + setArrayAsGlobal PARTS path_parts
2023-07-21 13:50:07.156082 +0000 build-fedora42: output: + local array=PARTS
2023-07-21 13:50:07.156087 +0000 build-fedora42: output: + local export_as=path_parts
2023-07-21 13:50:07.156091 +0000 build-fedora42: output: + local code
2023-07-21 13:50:07.156095 +0000 build-fedora42: output: + local replaced
2023-07-21 13:50:07.156234 +0000 build-fedora42: output: ++ declare -p PARTS
2023-07-21 13:50:07.156319 +0000 build-fedora42: output: + code='declare -A PARTS=([dotext]=".sh" [base]="00_prepare" [dir]="/builder/sources/builder-debian/template_debian/" [ext]="sh" [full]="/builder/sources/builder-debian/template_debian/00_prepare.sh" )'
2023-07-21 13:50:07.156352 +0000 build-fedora42: output: + replaced='declare -A path_parts=([dotext]=".sh" [base]="00_prepare" [dir]="/builder/sources/builder-debian/template_debian/" [ext]="sh" [full]="/builder/sources/builder-debian/template_debian/00_prepare.sh" )'
2023-07-21 13:50:07.156495 +0000 build-fedora42: output: + eval 'declare -gA path_parts=([dotext]=".sh" [base]="00_prepare" [dir]="/builder/sources/builder-debian/template_debian/" [ext]="sh" [full]="/builder/sources/builder-debian/template_debian/00_prepare.sh" )'
2023-07-21 13:50:07.156527 +0000 build-fedora42: output: ++ path_parts=(['dotext']='.sh' ['base']='00_prepare' ['dir']='/builder/sources/builder-debian/template_debian/' ['ext']='sh' ['full']='/builder/sources/builder-debian/template_debian/00_prepare.sh')
2023-07-21 13:50:07.156533 +0000 build-fedora42: output: ++ declare -gA path_parts
2023-07-21 13:50:07.156541 +0000 build-fedora42: output: + for template_dir in "${template_dirs[@]}"
2023-07-21 13:50:07.156563 +0000 build-fedora42: output: + '[' -z + ']'
2023-07-21 13:50:07.156663 +0000 build-fedora42: output: + '[' -n pre ']'
2023-07-21 13:50:07.156691 +0000 build-fedora42: output: + exists /builder/sources/builder-debian/template_debian/bookworm/+/00_prepare_pre.sh
2023-07-21 13:50:07.156700 +0000 build-fedora42: output: + filename=/builder/sources/builder-debian/template_debian/bookworm/+/00_prepare_pre.sh
