2023-08-03 17:32:25.440029 +0000 > starting log
2023-08-03 17:32:25.440236 +0000 build-fedora42: > starting build with log
2023-08-03 17:32:44.317165 +0000 build-fedora42: copy-in (cmd): /usr/bin/qvm-run-vm disp8696 bash -c 'rm -rf /builder/incoming/template /builder/plugins/template'
2023-08-03 17:32:44.545576 +0000 build-fedora42: copy-in (cmd): /usr/lib/qubes/qrexec-client-vm disp8696 qubesbuilder.FileCopyIn /usr/lib/qubes/qfile-agent /home/user/qubes-builderv2/qubesbuilder/plugins/template
2023-08-03 17:32:44.827810 +0000 build-fedora42: copy-in (cmd): /usr/bin/qvm-run-vm disp8696 bash -c 'mkdir -p /builder/plugins && mv /builder/incoming/template /builder/plugins'
2023-08-03 17:32:45.060730 +0000 build-fedora42: copy-in (cmd): /usr/bin/qvm-run-vm disp8696 bash -c 'rm -rf /builder/incoming/vm-bookworm /builder/repository/vm-bookworm'
2023-08-03 17:32:45.314604 +0000 build-fedora42: copy-in (cmd): /usr/lib/qubes/qrexec-client-vm disp8696 qubesbuilder.FileCopyIn /usr/lib/qubes/qfile-agent /home/user/builder-r4.2-templates-itl/repository/vm-bookworm
2023-08-03 17:32:45.575020 +0000 build-fedora42: copy-in (cmd): /usr/bin/qvm-run-vm disp8696 bash -c 'mkdir -p /builder/repository && mv /builder/incoming/vm-bookworm /builder/repository'
2023-08-03 17:32:46.002343 +0000 build-fedora42: copy-in (cmd): /usr/bin/qvm-run-vm disp8696 bash -c 'rm -rf /builder/incoming/chroot_deb /builder/plugins/chroot_deb'
2023-08-03 17:32:46.239928 +0000 build-fedora42: copy-in (cmd): /usr/lib/qubes/qrexec-client-vm disp8696 qubesbuilder.FileCopyIn /usr/lib/qubes/qfile-agent /home/user/qubes-builderv2/qubesbuilder/plugins/chroot_deb
2023-08-03 17:32:46.524122 +0000 build-fedora42: copy-in (cmd): /usr/bin/qvm-run-vm disp8696 bash -c 'mkdir -p /builder/plugins && mv /builder/incoming/chroot_deb /builder/plugins'
2023-08-03 17:32:46.712897 +0000 build-fedora42: copy-in (cmd): /usr/bin/qvm-run-vm disp8696 bash -c 'rm -rf /builder/incoming/source_deb /builder/plugins/source_deb'
2023-08-03 17:32:46.884050 +0000 build-fedora42: copy-in (cmd): /usr/lib/qubes/qrexec-client-vm disp8696 qubesbuilder.FileCopyIn /usr/lib/qubes/qfile-agent /home/user/qubes-builderv2/qubesbuilder/plugins/source_deb
2023-08-03 17:32:47.126938 +0000 build-fedora42: copy-in (cmd): /usr/bin/qvm-run-vm disp8696 bash -c 'mkdir -p /builder/plugins && mv /builder/incoming/source_deb /builder/plugins'
2023-08-03 17:32:47.330751 +0000 build-fedora42: copy-in (cmd): /usr/bin/qvm-run-vm disp8696 bash -c 'rm -rf /builder/incoming/build_deb /builder/plugins/build_deb'
2023-08-03 17:32:47.493839 +0000 build-fedora42: copy-in (cmd): /usr/lib/qubes/qrexec-client-vm disp8696 qubesbuilder.FileCopyIn /usr/lib/qubes/qfile-agent /home/user/qubes-builderv2/qubesbuilder/plugins/build_deb
2023-08-03 17:32:47.672476 +0000 build-fedora42: copy-in (cmd): /usr/bin/qvm-run-vm disp8696 bash -c 'mkdir -p /builder/plugins && mv /builder/incoming/build_deb /builder/plugins'
2023-08-03 17:32:47.867927 +0000 build-fedora42: copy-in (cmd): /usr/bin/qvm-run-vm disp8696 bash -c 'rm -rf /builder/incoming/builder-debian /builder/sources/builder-debian'
2023-08-03 17:32:48.043748 +0000 build-fedora42: copy-in (cmd): /usr/lib/qubes/qrexec-client-vm disp8696 qubesbuilder.FileCopyIn /usr/lib/qubes/qfile-agent /home/user/builder-r4.2-templates-itl/sources/builder-debian
2023-08-03 17:32:48.423867 +0000 build-fedora42: copy-in (cmd): /usr/bin/qvm-run-vm disp8696 bash -c 'mkdir -p /builder/sources && mv /builder/incoming/builder-debian /builder/sources'
2023-08-03 17:32:48.603085 +0000 build-fedora42: Executing '/usr/bin/qvm-run-vm disp8696 env VERBOSE='1' DEBUG='1' BACKEND_VMM='xen' DIST='bookworm' DISTRIBUTION='debian' DIST_CODENAME='bookworm' DIST_NAME='debian' DIST_VER='12' TEMPLATE_NAME='debian-12-minimal' TEMPLATE_VERSION='4.2.0' TEMPLATE_FLAVOR='minimal' TEMPLATE_OPTIONS='minimal no-recommends' INSTALL_DIR='/builder/mnt' ARTIFACTS_DIR='/builder/build' PLUGINS_DIR='/builder/plugins' PACKAGES_DIR='/builder/repository' DISCARD_PREPARED_IMAGE='1' BUILDER_TURBO_MODE='1' CACHE_DIR='/builder/cache/cache_bookworm' RELEASE='4.2' TEMPLATE_SCRIPTS_DIR='/builder/plugins/template/scripts' TEMPLATE_ROOT_SIZE='20G' TEMPLATE_ROOT_WITH_PARTITIONS='1' USE_QUBES_REPO_VERSION='4.2' USE_QUBES_REPO_TESTING='1' TEMPLATE_CONTENT_DIR='/builder/sources/builder-debian/template_debian' KEYS_DIR='/builder/plugins/chroot_deb/keys' TEMPLATE_FLAVOR_DIR='+minimal:/builder/sources/builder-debian/template_debian/minimal +no-recommends:/builder/sources/builder-debian/template_debian/no-recommends' TEMPLATE_TIMESTAMP='202308031621' bash -c 'make -C /builder/plugins/template prepare build-rootimg''.
2023-08-03 17:32:48.807585 +0000 build-fedora42: output: make: Entering directory '/builder/plugins/template'
2023-08-03 17:32:48.819585 +0000 build-fedora42: output: Building template: debian-12-minimal (202308031621)
2023-08-03 17:32:48.819646 +0000 build-fedora42: output: mkdir -p /builder/build
2023-08-03 17:32:48.820814 +0000 build-fedora42: output: echo 202308031621 > /builder/build/build_timestamp_debian-12-minimal
2023-08-03 17:32:48.822976 +0000 build-fedora42: output: # Check that required env are defined
2023-08-03 17:32:48.824812 +0000 build-fedora42: output: sudo env -i DIST_CODENAME="bookworm" DIST_NAME="debian" DIST_VER="12" PLUGINS_DIR="/builder/plugins" ARTIFACTS_DIR="/builder/build" CACHE_DIR="/builder/cache/cache_bookworm" TEMPLATE_CONTENT_DIR="/builder/sources/builder-debian/template_debian" TEMPLATE_NAME="debian-12-minimal" TEMPLATE_VERSION="4.2.0" PACKAGES_DIR="/builder/repository" TEMPLATE_SCRIPTS_DIR="/builder/plugins/template/scripts" KEYS_DIR="/builder/plugins/chroot_deb/keys" TEMPLATE_FLAVOR="minimal" TEMPLATE_OPTIONS="minimal no-recommends" TEMPLATE_FLAVOR_DIR="+minimal:/builder/sources/builder-debian/template_debian/minimal +no-recommends:/builder/sources/builder-debian/template_debian/no-recommends" APPMENUS_DIR="" CONFIG_DIR="" TEMPLATE_CONF="/builder/build/template.conf" VERBOSE="1" DEBUG="1" PATH="/usr/local/bin:/usr/local/sbin:/usr/bin:/usr/sbin" DISCARD_PREPARED_IMAGE="1" TEMPLATE_ROOT_WITH_PARTITIONS="1" TEMPLATE_ROOT_SIZE="20G" USE_QUBES_REPO_VERSION="4.2" USE_QUBES_REPO_TESTING="1" BUILDER_TURBO_MODE="1" REPO_PROXY="" FEDORA_MIRROR="" CENTOS_MIRROR="" EPEL_MIRROR="" QUBES_MIRROR="" GENTOO_MIRROR="" ARCHLINUX_MIRROR="" FLAVORS_DIR="" DIST="bookworm" DISTRIBUTION="debian" /builder/plugins/template/scripts/prepare-image /builder/build/prepared_images/debian-12-minimal.img /builder/mnt
2023-08-03 17:32:48.843293 +0000 build-fedora42: output: + IMG=/builder/build/prepared_images/debian-12-minimal.img
2023-08-03 17:32:48.843425 +0000 build-fedora42: output: ++ readlink -m /builder/mnt
2023-08-03 17:32:48.844397 +0000 build-fedora42: output: + INSTALL_DIR=/builder/mnt
2023-08-03 17:32:48.845356 +0000 build-fedora42: output: ++ dirname /builder/plugins/template/scripts/prepare-image
2023-08-03 17:32:48.846277 +0000 build-fedora42: output: + BUILDER_SCRIPTS_DIR=/builder/plugins/template/scripts
2023-08-03 17:32:48.846312 +0000 build-fedora42: output: + LC_ALL=POSIX
2023-08-03 17:32:48.846328 +0000 build-fedora42: output: + RETCODE=0
2023-08-03 17:32:48.846348 +0000 build-fedora42: output: + . /builder/plugins/template/scripts/builder-setup
2023-08-03 17:32:48.846374 +0000 build-fedora42: output: ++ REQUIRED_ENV=(DIST_CODENAME DIST_NAME DIST_VER PLUGINS_DIR ARTIFACTS_DIR CACHE_DIR TEMPLATE_CONTENT_DIR TEMPLATE_NAME TEMPLATE_SCRIPTS_DIR KEYS_DIR)
2023-08-03 17:32:48.846981 +0000 build-fedora42: output: ++ for var in "${REQUIRED_ENV[@]}"
2023-08-03 17:32:48.847038 +0000 build-fedora42: output: ++ '[' -z bookworm ']'
2023-08-03 17:32:48.847086 +0000 build-fedora42: output: ++ for var in "${REQUIRED_ENV[@]}"
2023-08-03 17:32:48.847101 +0000 build-fedora42: output: ++ '[' -z debian ']'
2023-08-03 17:32:48.847350 +0000 build-fedora42: output: ++ for var in "${REQUIRED_ENV[@]}"
2023-08-03 17:32:48.847381 +0000 build-fedora42: output: ++ '[' -z 12 ']'
2023-08-03 17:32:48.847550 +0000 build-fedora42: output: ++ for var in "${REQUIRED_ENV[@]}"
2023-08-03 17:32:48.847582 +0000 build-fedora42: output: ++ '[' -z /builder/plugins ']'
2023-08-03 17:32:48.847753 +0000 build-fedora42: output: ++ for var in "${REQUIRED_ENV[@]}"
2023-08-03 17:32:48.847810 +0000 build-fedora42: output: ++ '[' -z /builder/build ']'
2023-08-03 17:32:48.847976 +0000 build-fedora42: output: ++ for var in "${REQUIRED_ENV[@]}"
2023-08-03 17:32:48.848185 +0000 build-fedora42: output: ++ '[' -z /builder/cache/cache_bookworm ']'
2023-08-03 17:32:48.848414 +0000 build-fedora42: output: ++ for var in "${REQUIRED_ENV[@]}"
2023-08-03 17:32:48.848554 +0000 build-fedora42: output: ++ '[' -z /builder/sources/builder-debian/template_debian ']'
2023-08-03 17:32:48.848695 +0000 build-fedora42: output: ++ for var in "${REQUIRED_ENV[@]}"
2023-08-03 17:32:48.848829 +0000 build-fedora42: output: ++ '[' -z debian-12-minimal ']'
2023-08-03 17:32:48.848986 +0000 build-fedora42: output: ++ for var in "${REQUIRED_ENV[@]}"
2023-08-03 17:32:48.849117 +0000 build-fedora42: output: ++ '[' -z /builder/plugins/template/scripts ']'
2023-08-03 17:32:48.849231 +0000 build-fedora42: output: ++ for var in "${REQUIRED_ENV[@]}"
2023-08-03 17:32:48.849357 +0000 build-fedora42: output: ++ '[' -z /builder/plugins/chroot_deb/keys ']'
2023-08-03 17:32:48.849680 +0000 build-fedora42: output: +++ id -ur
2023-08-03 17:32:48.850145 +0000 build-fedora42: output: ++ [[ 0 != 0 ]]
2023-08-03 17:32:48.850179 +0000 build-fedora42: output: + . /builder/plugins/template/scripts/umount-kill
2023-08-03 17:32:48.850456 +0000 build-fedora42: output: ++ '[' 1 == 1 ']'
2023-08-03 17:32:48.850495 +0000 build-fedora42: output: ++ set -x
2023-08-03 17:32:48.851189 +0000 build-fedora42: output: +++ basename /builder/plugins/template/scripts/prepare-image
2023-08-03 17:32:48.852509 +0000 build-fedora42: output: ++ '[' prepare-image == umount-kill ']'
2023-08-03 17:32:48.852571 +0000 build-fedora42: output: + '[' 2 -ne 2 ']'
2023-08-03 17:32:48.852692 +0000 build-fedora42: output: + '[' -z 20G ']'
2023-08-03 17:32:48.852822 +0000 build-fedora42: output: + mkdir -p /builder/mnt /builder/cache/cache_bookworm /builder/repository /builder/build
2023-08-03 17:32:48.854418 +0000 build-fedora42: output: + export INSTALL_DIR LC_ALL IMG
2023-08-03 17:32:48.855642 +0000 build-fedora42: output: ++ df -T /dev
2023-08-03 17:32:48.855684 +0000 build-fedora42: output: ++ cut -f 1 -d ' '
2023-08-03 17:32:48.856592 +0000 build-fedora42: output: ++ tail -1
2023-08-03 17:32:48.859199 +0000 build-fedora42: output: + '[' devtmpfs = tmpfs ']'
2023-08-03 17:32:48.859214 +0000 build-fedora42: output: + DIST_TO_STR=bookworm+minimal
2023-08-03 17:32:48.859234 +0000 build-fedora42: output: + '[' 21 -gt 0 ']'
2023-08-03 17:32:48.859244 +0000 build-fedora42: output: + DIST_TO_STR='bookworm+minimal (options: minimal no-recommends)'
2023-08-03 17:32:48.859292 +0000 build-fedora42: output: + echo 'INFO: Preparing installation of bookworm+minimal (options: minimal no-recommends) template...'
2023-08-03 17:32:48.859334 +0000 build-fedora42: output: + /builder/sources/builder-debian/template_debian/00_prepare.sh
2023-08-03 17:32:48.859397 +0000 build-fedora42: output: INFO: Preparing installation of bookworm+minimal (options: minimal no-recommends) template...
2023-08-03 17:32:48.863712 +0000 build-fedora42: output: ++++ basename /builder/sources/builder-debian/template_debian/00_prepare.sh
2023-08-03 17:32:48.864530 +0000 build-fedora42: output: +++ '[' 00_prepare.sh == umount-kill ']'
2023-08-03 17:32:48.864568 +0000 build-fedora42: output: ++ output 'INFO: /builder/sources/builder-debian/template_debian/distribution.sh imported by: /builder/sources/builder-debian/template_debian/00_prepare.sh'
2023-08-03 17:32:48.864612 +0000 build-fedora42: output: ++ '[' 01 -ge 1 ']'
2023-08-03 17:32:48.864659 +0000 build-fedora42: output: ++ [[ -z '' ]]
2023-08-03 17:32:48.864700 +0000 build-fedora42: output: ++ [[ ehB != \e\h\x\B ]]
2023-08-03 17:32:48.865209 +0000 build-fedora42: output: + umount_all /builder/mnt
2023-08-03 17:32:48.865223 +0000 build-fedora42: output: + directory=/builder/mnt
2023-08-03 17:32:48.865262 +0000 build-fedora42: output: + '[' /builder/mnt == /builder/mnt ']'
2023-08-03 17:32:48.865604 +0000 build-fedora42: output: ++ mountPoints /builder/mnt
2023-08-03 17:32:48.865698 +0000 build-fedora42: output: ++ local mount_point
2023-08-03 17:32:48.866140 +0000 build-fedora42: output: +++ mountPoint /builder/mnt
2023-08-03 17:32:48.866169 +0000 build-fedora42: output: +++ local mount_point=/builder/mnt
2023-08-03 17:32:48.866203 +0000 build-fedora42: output: +++ [[ /builder/mnt == /* ]]
2023-08-03 17:32:48.867035 +0000 build-fedora42: output: +++ sed 's#//*#/#g'
2023-08-03 17:32:48.867042 +0000 build-fedora42: output: +++ echo /builder/mnt
2023-08-03 17:32:48.867809 +0000 build-fedora42: output: ++ mount_point=/builder/mnt
2023-08-03 17:32:48.868852 +0000 build-fedora42: output: +++ uniq
2023-08-03 17:32:48.868883 +0000 build-fedora42: output: +++ grep '^/builder/mnt'
2023-08-03 17:32:48.868906 +0000 build-fedora42: output: +++ sort -r
2023-08-03 17:32:48.869585 +0000 build-fedora42: output: +++ sudo grep /builder/mnt /proc/mounts
2023-08-03 17:32:48.870194 +0000 build-fedora42: output: +++ cut -f2 '-d '
2023-08-03 17:32:48.882613 +0000 build-fedora42: output: ++ echo ''
2023-08-03 17:32:48.882671 +0000 build-fedora42: output: + '[' -n '' ']'
2023-08-03 17:32:48.882696 +0000 build-fedora42: output: + umount_kill /builder/mnt
2023-08-03 17:32:48.883387 +0000 build-fedora42: output: + '[' 01 -le 2 ']'
2023-08-03 17:32:48.883486 +0000 build-fedora42: output: + test -o xtrace
2023-08-03 17:32:48.883595 +0000 build-fedora42: output: + true 'umount_kill: Disabling xtrace, because variable VERBOSE (1) is lower than or equal 2...'
2023-08-03 17:32:48.883673 +0000 build-fedora42: output: + set +x
2023-08-03 17:32:48.952778 +0000 build-fedora42: output: INFO: Attempting to kill any processes still running in '/builder/mnt' before un-mounting
2023-08-03 17:32:48.971947 +0000 build-fedora42: output: + true 'umount_kill: Restoring xtrace...'
2023-08-03 17:32:48.972158 +0000 build-fedora42: output: + buildStep /builder/sources/builder-debian/template_debian/00_prepare.sh pre
2023-08-03 17:32:48.972182 +0000 build-fedora42: output: + local filename=/builder/sources/builder-debian/template_debian/00_prepare.sh
2023-08-03 17:32:48.972196 +0000 build-fedora42: output: + local suffix=pre
2023-08-03 17:32:48.972215 +0000 build-fedora42: output: + unset build_step_files
2023-08-03 17:32:48.972527 +0000 build-fedora42: output: + info 'Locating buildStep files: 00_prepare.sh suffix: pre'
2023-08-03 17:32:48.972569 +0000 build-fedora42: output: + output 'INFO: Locating buildStep files: 00_prepare.sh suffix: pre'
2023-08-03 17:32:48.973184 +0000 build-fedora42: output: + '[' 01 -ge 1 ']'
2023-08-03 17:32:48.973329 +0000 build-fedora42: output: + [[ -z '' ]]
2023-08-03 17:32:48.973468 +0000 build-fedora42: output: + [[ ehB != \e\h\x\B ]]
2023-08-03 17:32:48.973606 +0000 build-fedora42: output: + getFileLocations build_step_files /builder/sources/builder-debian/template_debian/00_prepare.sh pre
2023-08-03 17:32:48.973727 +0000 build-fedora42: output: + local return_global_var=build_step_files
2023-08-03 17:32:48.973861 +0000 build-fedora42: output: + local filename=/builder/sources/builder-debian/template_debian/00_prepare.sh
2023-08-03 17:32:48.974339 +0000 build-fedora42: output: + local suffix=pre
2023-08-03 17:32:48.974440 +0000 build-fedora42: output: + local function=templateFile
2023-08-03 17:32:48.974555 +0000 build-fedora42: output: + unset GLOBAL_CACHE
2023-08-03 17:32:48.974669 +0000 build-fedora42: output: + declare -gA GLOBAL_CACHE
2023-08-03 17:32:48.974818 +0000 build-fedora42: output: + callTemplateFunction /builder/sources/builder-debian/template_debian/00_prepare.sh pre templateFile
2023-08-03 17:32:48.974989 +0000 build-fedora42: output: + local calling_script=/builder/sources/builder-debian/template_debian/00_prepare.sh
2023-08-03 17:32:48.975290 +0000 build-fedora42: output: + local calling_arg=pre
2023-08-03 17:32:48.975408 +0000 build-fedora42: output: + local functionExec=templateFile
2023-08-03 17:32:48.975529 +0000 build-fedora42: output: + local template_flavor=minimal
2023-08-03 17:32:48.975875 +0000 build-fedora42: output: + local template_options
2023-08-03 17:32:48.976033 +0000 build-fedora42: output: + templateFile /builder/sources/builder-debian/template_debian/00_prepare.sh pre minimal
2023-08-03 17:32:48.976151 +0000 build-fedora42: output: + local file=/builder/sources/builder-debian/template_debian/00_prepare.sh
2023-08-03 17:32:48.976314 +0000 build-fedora42: output: + local suffix=pre
2023-08-03 17:32:48.976637 +0000 build-fedora42: output: + local template_flavor=minimal
2023-08-03 17:32:48.976781 +0000 build-fedora42: output: + local template_dirs
2023-08-03 17:32:48.976912 +0000 build-fedora42: output: ++ templateDirs minimal
2023-08-03 17:32:48.977045 +0000 build-fedora42: output: ++ local template_flavor=minimal
2023-08-03 17:32:48.977154 +0000 build-fedora42: output: ++ local template_flavor_prefix
2023-08-03 17:32:48.977261 +0000 build-fedora42: output: ++ local template_flavor_dir
2023-08-03 17:32:48.977508 +0000 build-fedora42: output: ++ local match=0
2023-08-03 17:32:48.977725 +0000 build-fedora42: output: ++ read -r -a template_flavor_dir
2023-08-03 17:32:48.978090 +0000 build-fedora42: output: ++ for element in "${template_flavor_dir[@]}"
2023-08-03 17:32:48.978254 +0000 build-fedora42: output: +++ templateName minimal
2023-08-03 17:32:48.978344 +0000 build-fedora42: output: +++ local template_flavor=minimal
2023-08-03 17:32:48.978549 +0000 build-fedora42: output: +++ local template_name
2023-08-03 17:32:48.978671 +0000 build-fedora42: output: +++ local template_options
2023-08-03 17:32:48.978848 +0000 build-fedora42: output: +++ local template_label
2023-08-03 17:32:48.978936 +0000 build-fedora42: output: +++ local template_options_concatenated
2023-08-03 17:32:48.979057 +0000 build-fedora42: output: +++ retval=1
2023-08-03 17:32:48.979146 +0000 build-fedora42: output: +++ read -r -a template_options
2023-08-03 17:32:48.979229 +0000 build-fedora42: output: +++ '[' -n minimal ']'
2023-08-03 17:32:48.979311 +0000 build-fedora42: output: +++ template_options_concatenated=
2023-08-03 17:32:48.979394 +0000 build-fedora42: output: ++++ templateFlavorPrefix minimal
2023-08-03 17:32:48.979475 +0000 build-fedora42: output: ++++ local template_flavor=minimal
2023-08-03 17:32:48.979557 +0000 build-fedora42: output: ++++ local template_flavor_prefix
2023-08-03 17:32:48.979663 +0000 build-fedora42: output: ++++ read -r -a template_flavor_prefix
2023-08-03 17:32:48.979762 +0000 build-fedora42: output: ++++ '[' minimal == + ']'
2023-08-03 17:32:48.979777 +0000 build-fedora42: output: ++++ echo bookworm+
2023-08-03 17:32:48.979791 +0000 build-fedora42: output: +++ template_name=bookworm+minimal
2023-08-03 17:32:48.979838 +0000 build-fedora42: output: +++ read -r -a template_label
2023-08-03 17:32:48.979855 +0000 build-fedora42: output: ++++ templateNameFixLength bookworm+minimal
2023-08-03 17:32:48.979869 +0000 build-fedora42: output: ++++ local template_name=bookworm+minimal
2023-08-03 17:32:48.979914 +0000 build-fedora42: output: ++++ local temp_name
2023-08-03 17:32:48.979963 +0000 build-fedora42: output: ++++ read -r -a temp_name
2023-08-03 17:32:48.980011 +0000 build-fedora42: output: ++++ local index=1
2023-08-03 17:32:48.980025 +0000 build-fedora42: output: ++++ '[' 16 -ge 32 ']'
2023-08-03 17:32:48.980039 +0000 build-fedora42: output: ++++ echo bookworm+minimal
2023-08-03 17:32:48.980380 +0000 build-fedora42: output: +++ echo bookworm+minimal
2023-08-03 17:32:48.980511 +0000 build-fedora42: output: +++ return 1
2023-08-03 17:32:48.980631 +0000 build-fedora42: output: ++ '[' +minimal == bookworm+minimal ']'
2023-08-03 17:32:48.980681 +0000 build-fedora42: output: ++ '[' + == + ']'
2023-08-03 17:32:48.980848 +0000 build-fedora42: output: ++ '[' +minimal == +minimal ']'
2023-08-03 17:32:48.980901 +0000 build-fedora42: output: ++ eval echo -e /builder/sources/builder-debian/template_debian/minimal
2023-08-03 17:32:48.981022 +0000 build-fedora42: output: +++ echo -e /builder/sources/builder-debian/template_debian/minimal
2023-08-03 17:32:48.981071 +0000 build-fedora42: output: ++ match=1
2023-08-03 17:32:48.981154 +0000 build-fedora42: output: ++ for element in "${template_flavor_dir[@]}"
2023-08-03 17:32:48.981235 +0000 build-fedora42: output: +++ templateName minimal
2023-08-03 17:32:48.981317 +0000 build-fedora42: output: +++ local template_flavor=minimal
2023-08-03 17:32:48.981333 +0000 build-fedora42: output: +++ local template_name
2023-08-03 17:32:48.981414 +0000 build-fedora42: output: +++ local template_options
2023-08-03 17:32:48.981495 +0000 build-fedora42: output: +++ local template_label
2023-08-03 17:32:48.981587 +0000 build-fedora42: output: +++ local template_options_concatenated
2023-08-03 17:32:48.981601 +0000 build-fedora42: output: +++ retval=1
2023-08-03 17:32:48.981615 +0000 build-fedora42: output: +++ read -r -a template_options
2023-08-03 17:32:48.981627 +0000 build-fedora42: output: +++ '[' -n minimal ']'
2023-08-03 17:32:48.981641 +0000 build-fedora42: output: +++ template_options_concatenated=
2023-08-03 17:32:48.981690 +0000 build-fedora42: output: ++++ templateFlavorPrefix minimal
2023-08-03 17:32:48.981751 +0000 build-fedora42: output: ++++ local template_flavor=minimal
2023-08-03 17:32:48.981802 +0000 build-fedora42: output: ++++ local template_flavor_prefix
2023-08-03 17:32:48.981852 +0000 build-fedora42: output: ++++ read -r -a template_flavor_prefix
2023-08-03 17:32:48.981899 +0000 build-fedora42: output: ++++ '[' minimal == + ']'
2023-08-03 17:32:48.981914 +0000 build-fedora42: output: ++++ echo bookworm+
2023-08-03 17:32:48.981960 +0000 build-fedora42: output: +++ template_name=bookworm+minimal
2023-08-03 17:32:48.982296 +0000 build-fedora42: output: +++ read -r -a template_label
2023-08-03 17:32:48.982385 +0000 build-fedora42: output: ++++ templateNameFixLength bookworm+minimal
2023-08-03 17:32:48.982468 +0000 build-fedora42: output: ++++ local template_name=bookworm+minimal
2023-08-03 17:32:48.982517 +0000 build-fedora42: output: ++++ local temp_name
2023-08-03 17:32:48.982598 +0000 build-fedora42: output: ++++ read -r -a temp_name
2023-08-03 17:32:48.982679 +0000 build-fedora42: output: ++++ local index=1
2023-08-03 17:32:48.982815 +0000 build-fedora42: output: ++++ '[' 16 -ge 32 ']'
2023-08-03 17:32:48.982839 +0000 build-fedora42: output: ++++ echo bookworm+minimal
2023-08-03 17:32:48.982853 +0000 build-fedora42: output: +++ echo bookworm+minimal
2023-08-03 17:32:48.982865 +0000 build-fedora42: output: +++ return 1
2023-08-03 17:32:48.982880 +0000 build-fedora42: output: ++ '[' +no-recommends == bookworm+minimal ']'
2023-08-03 17:32:48.982892 +0000 build-fedora42: output: ++ '[' + == + ']'
2023-08-03 17:32:48.982906 +0000 build-fedora42: output: ++ '[' +no-recommends == +minimal ']'
2023-08-03 17:32:48.982918 +0000 build-fedora42: output: ++ '[' + == '*' ']'
2023-08-03 17:32:48.982931 +0000 build-fedora42: output: ++ '[' 1 -eq 1 ']'
2023-08-03 17:32:48.982942 +0000 build-fedora42: output: ++ return
2023-08-03 17:32:48.982959 +0000 build-fedora42: output: + template_dirs=/builder/sources/builder-debian/template_debian/minimal
2023-08-03 17:32:48.982977 +0000 build-fedora42: output: + splitPath /builder/sources/builder-debian/template_debian/00_prepare.sh path_parts
2023-08-03 17:32:48.982991 +0000 build-fedora42: output: + local return_global_var=path_parts
2023-08-03 17:32:48.983005 +0000 build-fedora42: output: + local filename=00_prepare.sh
2023-08-03 17:32:48.983035 +0000 build-fedora42: output: + local dir=/builder/sources/builder-debian/template_debian/
2023-08-03 17:32:48.983049 +0000 build-fedora42: output: + local base=00_prepare
2023-08-03 17:32:48.983061 +0000 build-fedora42: output: + local ext=sh
2023-08-03 17:32:48.983072 +0000 build-fedora42: output: + '[' sh ']'
2023-08-03 17:32:48.983085 +0000 build-fedora42: output: + local dotext=.sh
2023-08-03 17:32:48.983097 +0000 build-fedora42: output: + [[ -z 00_prepare ]]
2023-08-03 17:32:48.983124 +0000 build-fedora42: output: + PARTS=(['full']='/builder/sources/builder-debian/template_debian/00_prepare.sh' ['dir']='/builder/sources/builder-debian/template_debian/' ['base']='00_prepare' ['ext']='sh' ['dotext']='.sh')
2023-08-03 17:32:48.983138 +0000 build-fedora42: output: + declare -A PARTS
2023-08-03 17:32:48.983152 +0000 build-fedora42: output: + setArrayAsGlobal PARTS path_parts
2023-08-03 17:32:48.983164 +0000 build-fedora42: output: + local array=PARTS
2023-08-03 17:32:48.983177 +0000 build-fedora42: output: + local export_as=path_parts
2023-08-03 17:32:48.983220 +0000 build-fedora42: output: + local code
2023-08-03 17:32:48.983233 +0000 build-fedora42: output: + local replaced
2023-08-03 17:32:48.983247 +0000 build-fedora42: output: ++ declare -p PARTS
2023-08-03 17:32:48.983275 +0000 build-fedora42: output: + code='declare -A PARTS=([dotext]=".sh" [base]="00_prepare" [dir]="/builder/sources/builder-debian/template_debian/" [ext]="sh" [full]="/builder/sources/builder-debian/template_debian/00_prepare.sh" )'
2023-08-03 17:32:48.983306 +0000 build-fedora42: output: + replaced='declare -A path_parts=([dotext]=".sh" [base]="00_prepare" [dir]="/builder/sources/builder-debian/template_debian/" [ext]="sh" [full]="/builder/sources/builder-debian/template_debian/00_prepare.sh" )'
2023-08-03 17:32:48.983334 +0000 build-fedora42: output: + eval 'declare -gA path_parts=([dotext]=".sh" [base]="00_prepare" [dir]="/builder/sources/builder-debian/template_debian/" [ext]="sh" [full]="/builder/sources/builder-debian/template_debian/00_prepare.sh" )'
2023-08-03 17:32:48.983363 +0000 build-fedora42: output: ++ path_parts=(['dotext']='.sh' ['base']='00_prepare' ['dir']='/builder/sources/builder-debian/template_debian/' ['ext']='sh' ['full']='/builder/sources/builder-debian/template_debian/00_prepare.sh')
2023-08-03 17:32:48.983377 +0000 build-fedora42: output: ++ declare -gA path_parts
2023-08-03 17:32:48.983392 +0000 build-fedora42: output: + for template_dir in "${template_dirs[@]}"
2023-08-03 17:32:48.983406 +0000 build-fedora42: output: + '[' -z minimal ']'
2023-08-03 17:32:48.983419 +0000 build-fedora42: output: + '[' -n pre ']'
2023-08-03 17:32:48.983438 +0000 build-fedora42: output: + exists /builder/sources/builder-debian/template_debian/minimal/minimal/00_prepare_pre.sh
2023-08-03 17:32:48.983458 +0000 build-fedora42: output: + filename=/builder/sources/builder-debian/template_debian/minimal/minimal/00_prepare_pre.sh
2023-08-03 17:32:48.983477 +0000 build-fedora42: output: + '[' -e /builder/sources/builder-debian/template_debian/minimal/minimal/00_prepare_pre.sh ']'
2023-08-03 17:32:48.983490 +0000 build-fedora42: output: + return 1
2023-08-03 17:32:48.983510 +0000 build-fedora42: output: + true
2023-08-03 17:32:48.983530 +0000 build-fedora42: output: + exists /builder/sources/builder-debian/template_debian/minimal/minimal/00_prepare_pre.sh
2023-08-03 17:32:48.983549 +0000 build-fedora42: output: + filename=/builder/sources/builder-debian/template_debian/minimal/minimal/00_prepare_pre.sh
2023-08-03 17:32:48.983569 +0000 build-fedora42: output: + '[' -e /builder/sources/builder-debian/template_debian/minimal/minimal/00_prepare_pre.sh ']'
2023-08-03 17:32:48.983581 +0000 build-fedora42: output: + return 1
2023-08-03 17:32:48.983593 +0000 build-fedora42: output: + true
2023-08-03 17:32:48.983612 +0000 build-fedora42: output: + exists /builder/sources/builder-debian/template_debian/minimal/00_prepare_pre.sh
2023-08-03 17:32:48.983630 +0000 build-fedora42: output: + filename=/builder/sources/builder-debian/template_debian/minimal/00_prepare_pre.sh
2023-08-03 17:32:48.983655 +0000 build-fedora42: output: + '[' -e /builder/sources/builder-debian/template_debian/minimal/00_prepare_pre.sh ']'
2023-08-03 17:32:48.984751 +0000 build-fedora42: output: + return 1
2023-08-03 17:32:48.984827 +0000 build-fedora42: output: + true
2023-08-03 17:32:48.984851 +0000 build-fedora42: output: + exists /builder/sources/builder-debian/template_debian/minimal/00_prepare_pre_minimal.sh
2023-08-03 17:32:48.984872 +0000 build-fedora42: output: + filename=/builder/sources/builder-debian/template_debian/minimal/00_prepare_pre_minimal.sh
2023-08-03 17:32:48.984931 +0000 build-fedora42: output: + '[' -e /builder/sources/builder-debian/template_debian/minimal/00_prepare_pre_minimal.sh ']'
2023-08-03 17:32:48.984946 +0000 build-fedora42: output: + return 1
2023-08-03 17:32:48.984960 +0000 build-fedora42: output: + true
2023-08-03 17:32:48.985059 +0000 build-fedora42: output: + exists /builder/sources/builder-debian/template_debian/00_prepare_pre_minimal.sh
2023-08-03 17:32:48.985115 +0000 build-fedora42: output: + filename=/builder/sources/builder-debian/template_debian/00_prepare_pre_minimal.sh
2023-08-03 17:32:48.985135 +0000 build-fedora42: output: + '[' -e /builder/sources/builder-debian/template_debian/00_prepare_pre_minimal.sh ']'
2023-08-03 17:32:48.985148 +0000 build-fedora42: output: + return 1
2023-08-03 17:32:48.985161 +0000 build-fedora42: output: + true
2023-08-03 17:32:48.985179 +0000 build-fedora42: output: + templateFile /builder/sources/builder-debian/template_debian/00_prepare.sh pre +
2023-08-03 17:32:48.985197 +0000 build-fedora42: output: + local file=/builder/sources/builder-debian/template_debian/00_prepare.sh
2023-08-03 17:32:48.985210 +0000 build-fedora42: output: + local suffix=pre
2023-08-03 17:32:48.985264 +0000 build-fedora42: output: + local template_flavor=+
2023-08-03 17:32:48.985278 +0000 build-fedora42: output: + local template_dirs
2023-08-03 17:32:48.985330 +0000 build-fedora42: output: ++ templateDirs +
2023-08-03 17:32:48.985345 +0000 build-fedora42: output: ++ local template_flavor=+
2023-08-03 17:32:48.985359 +0000 build-fedora42: output: ++ local template_flavor_prefix
2023-08-03 17:32:48.985373 +0000 build-fedora42: output: ++ local template_flavor_dir
2023-08-03 17:32:48.985386 +0000 build-fedora42: output: ++ local match=0
2023-08-03 17:32:48.985680 +0000 build-fedora42: output: ++ read -r -a template_flavor_dir
2023-08-03 17:32:48.985787 +0000 build-fedora42: output: ++ for element in "${template_flavor_dir[@]}"
2023-08-03 17:32:48.985843 +0000 build-fedora42: output: +++ templateName +
2023-08-03 17:32:48.985859 +0000 build-fedora42: output: +++ local template_flavor=+
2023-08-03 17:32:48.985873 +0000 build-fedora42: output: +++ local template_name
2023-08-03 17:32:48.985907 +0000 build-fedora42: output: +++ local template_options
2023-08-03 17:32:48.985921 +0000 build-fedora42: output: +++ local template_label
2023-08-03 17:32:48.985979 +0000 build-fedora42: output: +++ local template_options_concatenated
2023-08-03 17:32:48.985993 +0000 build-fedora42: output: +++ retval=1
2023-08-03 17:32:48.986046 +0000 build-fedora42: output: +++ read -r -a template_options
2023-08-03 17:32:48.986059 +0000 build-fedora42: output: +++ '[' -n + ']'
2023-08-03 17:32:48.986074 +0000 build-fedora42: output: +++ template_options_concatenated=
2023-08-03 17:32:48.986088 +0000 build-fedora42: output: ++++ templateFlavorPrefix +
2023-08-03 17:32:48.986102 +0000 build-fedora42: output: ++++ local template_flavor=+
2023-08-03 17:32:48.986154 +0000 build-fedora42: output: ++++ local template_flavor_prefix
2023-08-03 17:32:48.986170 +0000 build-fedora42: output: ++++ read -r -a template_flavor_prefix
2023-08-03 17:32:48.986184 +0000 build-fedora42: output: ++++ '[' + == + ']'
2023-08-03 17:32:48.986197 +0000 build-fedora42: output: ++++ echo bookworm
2023-08-03 17:32:48.986251 +0000 build-fedora42: output: +++ template_name=bookworm+
2023-08-03 17:32:48.986267 +0000 build-fedora42: output: +++ read -r -a template_label
2023-08-03 17:32:48.986373 +0000 build-fedora42: output: ++++ templateNameFixLength bookworm+
2023-08-03 17:32:48.986399 +0000 build-fedora42: output: ++++ local template_name=bookworm+
2023-08-03 17:32:48.986479 +0000 build-fedora42: output: ++++ local temp_name
2023-08-03 17:32:48.986494 +0000 build-fedora42: output: ++++ read -r -a temp_name
2023-08-03 17:32:48.986542 +0000 build-fedora42: output: ++++ local index=0
2023-08-03 17:32:48.986556 +0000 build-fedora42: output: ++++ '[' 9 -ge 32 ']'
2023-08-03 17:32:48.986569 +0000 build-fedora42: output: ++++ echo bookworm+
2023-08-03 17:32:48.986581 +0000 build-fedora42: output: +++ echo bookworm+
2023-08-03 17:32:48.986593 +0000 build-fedora42: output: +++ return 1
2023-08-03 17:32:48.986606 +0000 build-fedora42: output: ++ '[' +minimal == bookworm+ ']'
2023-08-03 17:32:48.986661 +0000 build-fedora42: output: ++ '[' + == + ']'
2023-08-03 17:32:48.986676 +0000 build-fedora42: output: ++ '[' +minimal == ++ ']'
2023-08-03 17:32:48.986752 +0000 build-fedora42: output: ++ '[' + == '*' ']'
2023-08-03 17:32:48.986770 +0000 build-fedora42: output: ++ for element in "${template_flavor_dir[@]}"
2023-08-03 17:32:48.986820 +0000 build-fedora42: output: +++ templateName +
2023-08-03 17:32:48.987032 +0000 build-fedora42: output: +++ local template_flavor=+
2023-08-03 17:32:48.987062 +0000 build-fedora42: output: +++ local template_name
2023-08-03 17:32:48.987077 +0000 build-fedora42: output: +++ local template_options
2023-08-03 17:32:48.987164 +0000 build-fedora42: output: +++ local template_label
2023-08-03 17:32:48.987180 +0000 build-fedora42: output: +++ local template_options_concatenated
2023-08-03 17:32:48.987228 +0000 build-fedora42: output: +++ retval=1
2023-08-03 17:32:48.987283 +0000 build-fedora42: output: +++ read -r -a template_options
2023-08-03 17:32:48.987297 +0000 build-fedora42: output: +++ '[' -n + ']'
2023-08-03 17:32:48.987311 +0000 build-fedora42: output: +++ template_options_concatenated=
2023-08-03 17:32:48.987325 +0000 build-fedora42: output: ++++ templateFlavorPrefix +
2023-08-03 17:32:48.987338 +0000 build-fedora42: output: ++++ local template_flavor=+
2023-08-03 17:32:48.987458 +0000 build-fedora42: output: ++++ local template_flavor_prefix
2023-08-03 17:32:48.987475 +0000 build-fedora42: output: ++++ read -r -a template_flavor_prefix
2023-08-03 17:32:48.987600 +0000 build-fedora42: output: ++++ '[' + == + ']'
2023-08-03 17:32:48.987616 +0000 build-fedora42: output: ++++ echo bookworm
2023-08-03 17:32:48.987630 +0000 build-fedora42: output: +++ template_name=bookworm+
2023-08-03 17:32:48.987643 +0000 build-fedora42: output: +++ read -r -a template_label
2023-08-03 17:32:48.987733 +0000 build-fedora42: output: ++++ templateNameFixLength bookworm+
2023-08-03 17:32:48.987832 +0000 build-fedora42: output: ++++ local template_name=bookworm+
2023-08-03 17:32:48.987850 +0000 build-fedora42: output: ++++ local temp_name
2023-08-03 17:32:48.987863 +0000 build-fedora42: output: ++++ read -r -a temp_name
2023-08-03 17:32:48.987936 +0000 build-fedora42: output: ++++ local index=0
2023-08-03 17:32:48.987952 +0000 build-fedora42: output: ++++ '[' 9 -ge 32 ']'
2023-08-03 17:32:48.988107 +0000 build-fedora42: output: ++++ echo bookworm+
2023-08-03 17:32:48.988124 +0000 build-fedora42: output: +++ echo bookworm+
2023-08-03 17:32:48.988203 +0000 build-fedora42: output: +++ return 1
2023-08-03 17:32:48.988224 +0000 build-fedora42: output: ++ '[' +no-recommends == bookworm+ ']'
2023-08-03 17:32:48.988273 +0000 build-fedora42: output: ++ '[' + == + ']'
2023-08-03 17:32:48.988291 +0000 build-fedora42: output: ++ '[' +no-recommends == ++ ']'
2023-08-03 17:32:48.988423 +0000 build-fedora42: output: ++ '[' + == '*' ']'
2023-08-03 17:32:48.988439 +0000 build-fedora42: output: ++ '[' 0 -eq 1 ']'
2023-08-03 17:32:48.988453 +0000 build-fedora42: output: +++ templateFlavorPrefix +
2023-08-03 17:32:48.988641 +0000 build-fedora42: output: +++ local template_flavor=+
2023-08-03 17:32:48.988693 +0000 build-fedora42: output: +++ local template_flavor_prefix
2023-08-03 17:32:48.988764 +0000 build-fedora42: output: +++ read -r -a template_flavor_prefix
2023-08-03 17:32:48.988778 +0000 build-fedora42: output: +++ '[' + == + ']'
2023-08-03 17:32:48.988795 +0000 build-fedora42: output: +++ echo bookworm
2023-08-03 17:32:48.988809 +0000 build-fedora42: output: ++ template_flavor_prefix=bookworm
2023-08-03 17:32:48.988862 +0000 build-fedora42: output: ++ '[' -n + ']'
2023-08-03 17:32:48.988974 +0000 build-fedora42: output: ++ '[' + == + ']'
2023-08-03 17:32:48.989034 +0000 build-fedora42: output: ++ local dir=/builder/sources/builder-debian/template_debian/bookworm
2023-08-03 17:32:48.989110 +0000 build-fedora42: output: ++ echo /builder/sources/builder-debian/template_debian/bookworm
2023-08-03 17:32:48.989222 +0000 build-fedora42: output: + template_dirs=/builder/sources/builder-debian/template_debian/bookworm
2023-08-03 17:32:48.989245 +0000 build-fedora42: output: + splitPath /builder/sources/builder-debian/template_debian/00_prepare.sh path_parts
2023-08-03 17:32:48.989340 +0000 build-fedora42: output: + local return_global_var=path_parts
2023-08-03 17:32:48.989355 +0000 build-fedora42: output: + local filename=00_prepare.sh
2023-08-03 17:32:48.990377 +0000 build-fedora42: output: + local dir=/builder/sources/builder-debian/template_debian/
2023-08-03 17:32:48.990458 +0000 build-fedora42: output: + local base=00_prepare
2023-08-03 17:32:48.990475 +0000 build-fedora42: output: + local ext=sh
2023-08-03 17:32:48.990489 +0000 build-fedora42: output: + '[' sh ']'
2023-08-03 17:32:48.990502 +0000 build-fedora42: output: + local dotext=.sh
2023-08-03 17:32:48.990556 +0000 build-fedora42: output: + [[ -z 00_prepare ]]
2023-08-03 17:32:48.990660 +0000 build-fedora42: output: + PARTS=(['full']='/builder/sources/builder-debian/template_debian/00_prepare.sh' ['dir']='/builder/sources/builder-debian/template_debian/' ['base']='00_prepare' ['ext']='sh' ['dotext']='.sh')
2023-08-03 17:32:48.990677 +0000 build-fedora42: output: + declare -A PARTS
2023-08-03 17:32:48.990754 +0000 build-fedora42: output: + setArrayAsGlobal PARTS path_parts
2023-08-03 17:32:48.990769 +0000 build-fedora42: output: + local array=PARTS
2023-08-03 17:32:48.990832 +0000 build-fedora42: output: + local export_as=path_parts
2023-08-03 17:32:48.990848 +0000 build-fedora42: output: + local code
2023-08-03 17:32:48.990862 +0000 build-fedora42: output: + local replaced
2023-08-03 17:32:48.990875 +0000 build-fedora42: output: ++ declare -p PARTS
2023-08-03 17:32:48.990941 +0000 build-fedora42: output: + code='declare -A PARTS=([dotext]=".sh" [base]="00_prepare" [dir]="/builder/sources/builder-debian/template_debian/" [ext]="sh" [full]="/builder/sources/builder-debian/template_debian/00_prepare.sh" )'
2023-08-03 17:32:48.991010 +0000 build-fedora42: output: + replaced='declare -A path_parts=([dotext]=".sh" [base]="00_prepare" [dir]="/builder/sources/builder-debian/template_debian/" [ext]="sh" [full]="/builder/sources/builder-debian/template_debian/00_prepare.sh" )'
2023-08-03 17:32:48.991040 +0000 build-fedora42: output: + eval 'declare -gA path_parts=([dotext]=".sh" [base]="00_prepare" [dir]="/builder/sources/builder-debian/template_debian/" [ext]="sh" [full]="/builder/sources/builder-debian/template_debian/00_prepare.sh" )'
2023-08-03 17:32:48.991068 +0000 build-fedora42: output: ++ path_parts=(['dotext']='.sh' ['base']='00_prepare' ['dir']='/builder/sources/builder-debian/template_debian/' ['ext']='sh' ['full']='/builder/sources/builder-debian/template_debian/00_prepare.sh')
2023-08-03 17:32:48.991090 +0000 build-fedora42: output: ++ declare -gA path_parts
2023-08-03 17:32:48.991106 +0000 build-fedora42: output: + for template_dir in "${template_dirs[@]}"
2023-08-03 17:32:48.991119 +0000 build-fedora42: output: + '[' -z + ']'
2023-08-03 17:32:48.991170 +0000 build-fedora42: output: + '[' -n pre ']'
